-6.31911788049676,-0.04046907294979851,-1.0437616690122797,7
1.3058413749251583,-5.708897622928036,-2.9893680218731684,2
-3.353217777259239,-7.861005471651902,0.7491452018062604,1
11.544170509389268,5.972025935359267,-0.3741476673876574,0
-9.75446892707646,5.497669340393008,0.9155663432310748,4
-4.353481543825935,-6.616262762440247,1.4589276996442833,1
-9.124342209792696,4.724793217581649,0.4963314848009286,4
-8.900823797825636,4.840008703397481,0.0767360625694295,9
-8.75205487501681,4.414998506387343,0.7769531966317271,5
-5.848151503098714,-0.32696895852283914,0.21235755203204,9
10.91812831402583,5.5715960113236545,1.1042722237198204,0
6.504355377729379,3.922574978180469,8.485418741248836,6
-8.906869862244175,3.565160472854599,0.38433840768948513,9
11.230887710226952,6.0173029511239555,0.11076875647211981,0
-2.4486677800632846,-7.538061879292468,1.9965547383183584,1
5.339297359944863,1.288931071994682,-2.1326543289888735,5
-7.062553311505946,5.616989352327296,-0.9024579087003879,9
-7.447719987503877,0.9406750444863166,-0.5606667948017423,7
5.721073403307963,0.9016371308694036,-2.3782133747145013,3
-7.563062411237971,4.447864795602896,0.6066048359568951,4
-5.752956967102864,-1.411971131214442,-2.467174834909639,9
6.331495924863888,3.4326157973495617,8.565236911469361,6
5.695849700201579,4.03923859169211,8.822382942194377,6
5.445753254909685,0.4835202195997032,-1.8409895651313128,5
-8.121705636803233,4.537639328861645,0.5101172181148573,4
12.096745839125877,6.00347170810785,-0.13274611421993543,0
-8.120550471916914,2.197737015829919,-0.2694126087664267,7
-10.426568785373771,5.272485885955038,-0.35593560578201,4
11.228277467622965,5.665948713070938,-0.16277927703200146,0
-2.1153171874166103,-8.168767968570538,3.2453360710226127,1
4.833400743996948,0.5575612909014573,-2.2487839593626764,3
-2.3069060242009862,-8.629143741330262,2.260219912864298,1
6.3419000446883596,0.011018016035726524,-6.2167349002714545,3
6.489936150609713,3.99904833677579,8.467693662359297,4
-4.155012817984173,-0.46163849349688774,1.5680313667429404,7
1.611595734294728,-5.711167622060094,-2.6127566286015353,2
-7.446947952635213,1.4385393090729965,-1.3543293997164363,7
-2.752784505562233,-8.528262243357606,3.1002053095469844,1
0.14574640817143975,-6.510400584715141,-0.6408040876077583,2
-1.6744841150543965,-7.030968820122818,2.5048843325833774,1
-1.983967667149713,-8.07910267128636,2.552128749153391,1
-7.686353685666463,0.924733088179719,-0.3128505464377579,7
-7.386733982899388,5.132711729905684,-1.044582370575272,4
-2.201320402415554,-7.781528485364866,1.1697173723443586,2
5.115541239329538,-0.16717346420162543,-1.8246238809957975,3
5.696885042970741,0.34549890055179333,-2.171647996605815,5
-3.280914009519038,-8.940389833476571,3.2672659679256943,1
1.3154049451830299,-5.879273163677818,-2.277244147282593,2
-8.715071843036341,5.587989745664787,0.29016868733063517,4
-11.039490527534134,4.499038036313304,-0.8834710946265711,4
4.9004316703824085,1.992607354588316,8.76612776598652,6
5.627550977862254,0.33453153784451956,-4.293826309160906,3
5.016499156405137,0.610025048942923,-2.2616111052475922,5
6.3652521913564435,-0.07611636767662772,-1.6149138114398616,5
6.676329487716512,4.0695787410534505,8.729155534048733,6
11.249608028006474,5.36689461064799,-0.5938848002450778,0
-8.4576382553965,5.666313653261015,-0.9630976988989348,4
-2.078027405670652,-7.811889047490463,1.8227470474659127,1
-7.824114740822088,5.434746757074081,-0.020495240992015495,9
-3.2376562014514274,-7.440628762319045,1.776154447374723,5
-7.787957185478366,1.2331321699776605,-0.8787459852907945,7
-4.841885823905807,-1.3276922671024836,-1.4264303531705624,8
-8.507658140735174,5.069158935227216,0.1780315290138027,9
1.4946217484563833,-5.676794967065437,-2.6915249359210796,3
-5.461311576814273,-0.5202475613240417,-0.9962696596741901,7
-7.960789724051181,3.924201485853747,-1.2509286517752904,4
6.406541092679865,4.053088658948549,8.726390464549121,6
-8.913233051278226,5.716043389014897,-0.6013509750800933,4
4.297551080570397,-0.6802300429476615,-2.997653647291066,3
11.665108514322393,6.149127686112029,-1.0053151496012522,0
-7.855474804252628,0.9705612620752191,-0.7558651348724952,7
12.475295322052292,5.1495998632214475,-0.5497472469824095,0
0.9352160569086391,-6.079884179218832,-3.2310858605365125,2
-6.3001093632511855,-1.174687440343898,-1.4800064848221148,9
-2.562234519048819,-8.689747218348295,1.83693015558245,1
-8.359408618958335,1.1291338772731623,-1.0484888994672845,7
6.102358936678886,1.0340104093130789,-3.2942908731248846,3
-6.366189034709397,0.42911370651495506,-0.5430595408838518,2
-5.122313375540891,-0.23266214533238982,0.2218611715321277,9
-5.421672449144096,-0.1361707508008296,-0.9122273007284342,7
-8.283612930088266,4.493741649097291,-0.5633191135049019,7
6.8540728573801175,3.727990971499639,8.054828360532124,6
0.9255629189101671,-6.087318877068513,-2.4713781585633243,2
-8.16173655905163,2.188152257660222,-0.3018002845958909,7
4.257668417397871,0.4073617588852297,-2.5536646123808886,8
-8.54529280231881,4.3457558473242806,0.9498948476723107,4
-6.2136686231695695,0.3791716549449877,-0.28728883611436085,7
6.000433959760238,-0.3694712595413684,-1.6526200057291227,3
5.782107005993339,3.8177368544775954,8.344560530333858,6
-3.3167472459130174,-6.068989248377825,1.706627301013878,1
5.5252012539741555,0.7371648105823605,-0.41971636268592905,3
6.246171601611007,3.739995309121998,8.03511486701433,6
-5.927238758920446,-0.6152470949840223,0.01791710700074778,9
7.1325658725331,-1.0555181958473474,-3.2281228691422275,3
-2.941975382058837,-8.937926272189888,2.9760906618939096,1
-8.313094420150538,4.707485566454625,0.8788706216657595,4
-2.6022514667913166,-8.040709168162902,3.0614910281581986,1
-6.982610473878188,0.8203008888550916,-0.4582229249101877,7
6.3691368359948015,3.7401987181592653,7.936046997999584,6
-10.91675971044567,3.4476718337448933,2.595478691251424,9
6.350883692711223,4.075780744691426,8.15535968730268,6
11.411007222327386,6.10031950282352,-0.8009502884534856,0
5.467123219050741,0.5573238186670808,-2.2989101838434305,5
-8.46977367180676,5.184700718384182,0.7977161354018033,4
-8.425109282869043,5.57119190922519,0.3228147952952161,9
-11.517362312608801,4.648866068510953,0.993256404281442,9
1.1609400100607785,-6.608782707036735,-2.892513815276603,2
-1.1882905404765842,-7.346272497234672,0.8165138225827908,1
-10.705538282089288,3.284107473610071,0.9312476138658743,9
-8.330918678424599,4.13238902344382,0.47492276380403065,4
4.548435036906569,1.0336180785804996,-2.2044350453634127,8
-6.765784817121044,0.5832482441554181,-0.7087575506840589,7
5.0536697300848905,0.32240228163690876,-0.8535932501934533,3
-9.773316676689937,5.046371438290427,0.6997200905541445,9
-6.458892778068721,-0.10986055351962398,-0.9202694402365891,7
-8.159795499671771,3.4831979484481166,0.22235929399925825,4
-9.841006365809008,3.415404086414249,0.4615326510181246,4
-11.670942337789207,5.257379993868752,0.9179834246404464,4
-8.733033489673637,2.5556671108430398,0.32182963906059975,9
3.2698889381841925,1.075105957392204,-2.3221678230802607,2
5.731175093127461,-0.8520769189414954,-2.5664930713775873,5
-5.135821810253648,-0.2900935011789253,-1.0939031981235523,4
-7.7016782943940285,1.8507779499177475,-0.7035301187575758,7
6.353869251775778,3.951293823945273,8.066432028066542,6
-8.376818265630234,3.734577672790652,-0.19222685412414997,7
-10.188141295883142,4.4694050192693835,-0.21007106907829254,9
11.565197226803098,6.3020030098354365,0.33142456693180233,0
5.770197315412754,-0.7424973026673691,-2.3296004276384847,5
5.946810187601637,-0.7597988972429986,-1.6648485965450246,8
4.3090363682355965,-0.2153398233605468,-1.5778009598079326,5
5.731085122597774,4.1537719268337145,7.932048524521289,6
6.271437447729417,3.447762558403635,7.8212859801862775,6
5.12105564926028,-0.4400899019065312,-3.1135551767959657,5
-6.731577315039614,1.4275677282377364,-0.5647326578096535,7
3.449531654253945,0.6046567933540621,-2.049345476830449,8
-2.91416582034016,-7.7219099926136,1.1663778376301723,1
11.177643753633992,4.800686317932142,-0.5597580957711015,0
-3.1255019201535013,-8.527253147563712,1.968064506171211,1
6.335522977600907,5.627325241172624,8.857942961567321,6
-8.167337616168833,3.047755840893047,0.23662084388036264,4
5.736008583451241,3.508131135213931,7.395355452718047,6
-7.349556286735031,2.3876897509491823,-0.029454305984254026,7
5.394471485469832,-0.17872871470343357,-2.2017709041305076,3
-1.2064986638216555,-8.699588362385114,2.137121734903366,1
-5.818472507718142,0.05132539268482217,-0.6290938829734252,7
-2.9811912795230553,-8.566965152360877,2.73899649993854,1
4.237470709955021,0.49459229236816715,-0.32839060987881696,8
1.4657667916054353,-5.889456199053948,-2.94082334119033,2
12.027225702908595,6.889155960719224,0.08151753135306944,0
-1.8876582449004227,-8.00508080085283,1.2622126257692545,2
-9.929400099619139,3.4781881734071955,0.18996621374823253,9
-8.866335969778039,4.75365503036784,0.4701663171804882,9
-2.836180683216065,-7.588427932906219,2.1121370678431086,5
6.364063030016679,0.05176609461763859,-2.204439969830343,5
-2.4368932680813016,-8.36381783201309,2.421370938151358,1
5.144078869701416,0.8913196978929914,-2.3743861455388666,5
6.325077689605284,4.1124921203120195,8.649822986944972,6
11.341651695551809,5.382414194799148,-0.06701553306783348,0
5.513575904863794,-0.10184076991999683,-2.857460213287206,3
-2.596599893759811,-7.9799406630496215,2.30422528603481,4
-9.034457741461804,4.248574973811375,-0.3034323599557728,4
6.393311126953141,3.8133201433150763,8.041767681578301,6
5.638443206305135,0.8375670868076232,-1.6897895544318398,5
-9.79400376170172,3.938411718503647,-0.9348648587504687,4
6.293021703224867,4.07117636724089,8.751409197545257,6
7.789723326202096,-0.19078324546719905,-4.076778098437811,5
-8.742711632535947,4.117063296063902,0.3054107713267677,4
-2.5519380174264454,-7.3388321552615485,1.9754758010503979,5
-3.1658757067145493,-8.522827541922707,2.7989417870542406,1
-10.129570559478328,4.74292138651867,0.47808397179655326,4
-7.786646706979639,3.6120430138023307,-0.37752314043759183,4
-4.839199891374794,-0.026098753359298454,-0.518247726527306,7
1.666122105395166,-6.337698233124244,-3.51414226548859,2
6.628234296155626,0.39397379867687515,-3.433817068839339,3
1.2757622241042619,-5.97751031767774,-2.6233226014799005,2
-1.626556924378767,-7.909053562093311,1.6511516824118677,7
-4.184394276138969,-8.204495272494329,1.3892481585905658,1
3.777861140374205,0.6368813447971906,-2.9090354545487696,8
-3.6731115553426648,-6.918981067148002,0.9624431433119052,1
6.13631221240892,1.0392928081234918,-1.7762233042961322,8
-3.7562777870448945,-7.551840649324272,3.640862168423973,1
4.565574697085669,-0.21629234302518374,-3.2462337570673694,8
4.914790290021075,0.6003342716260234,-2.03780177924346,5
11.831142649102521,5.90277249371458,0.06623180761087027,0
4.489155175609161,0.36871543081004976,-2.4966187805148174,8
-8.80548913443901,3.9165791095854914,-0.4830945379498437,9
1.662913726760435,-5.868480249101887,-1.8581348105655118,2
4.556833611380575,-0.6887713634059427,-1.6334395158319235,5
11.633955936739778,5.741697266385714,-0.5557937709697333,0
-2.4989990950218686,-8.65717761079744,3.0765786437024873,1
-1.9516752431747728,-6.061399471818546,1.1059344612697812,1
-2.2555886421046196,-8.290389326131018,2.838725959282243,1
11.778916091134976,5.3393378095137525,-0.30597392632377207,0
-8.215155846431994,3.9600649716084257,0.6000869063665456,9
11.360676939515905,5.588094343147406,-0.41425972890084295,0
-2.660543231538333,-8.259177344299491,2.8752209693105075,3
-2.8273134161114344,-9.002353025736998,1.7606631132439015,1
5.412606166685197,3.5316446737406357,8.59245392067175,6
-8.963786824048189,3.8420972401815314,0.7385039979224088,4
1.856789283594006,-5.357585471306335,-2.6552160081503415,2
4.856000884675288,-0.31205607300058413,-2.584172585878171,3
6.75896058280621,3.789720637431176,8.819510135868997,6
-0.7938190773996958,-8.682152855250484,1.8282430858298975,1
-2.1059874806903696,-8.793707377428206,2.533295370204505,1
-1.093978440715777,-8.221997794049958,2.1610388139729007,1
5.878031838153793,1.7218375280846343,-0.8559065458193809,3
-8.320741062315744,4.494912047075064,0.6766122688483347,9
5.505279439185152,0.18556345300034088,-1.414767688705915,5
1.3250916998284994,-5.722906132462719,-2.9335025504502,2
-7.891108632783089,4.340190086360778,0.35779124071818724,9
-9.179018140195678,5.449089810161764,1.1091840716541919,4
-2.890610321470685,-7.119790201277002,2.0091465126148242,5
-9.863317111526621,5.200229770725954,0.7532745611384591,9
4.808216233392903,-0.5090339277467921,-3.3864297847531377,3
-10.995032024179473,6.070784839723523,0.5115213829195745,9
11.603716456836718,5.803031723296952,-0.19826670192071094,0
6.329906737684946,0.5447450704908403,-3.5730166317348067,3
-1.983544752133944,-7.344141351752174,1.1254018029103627,6
-3.0748780934604705,-8.02974403183863,1.1999961264411936,5
5.764759737131676,0.2740430599533308,-2.163626593048746,5
-8.069327147756816,2.494536507273895,-0.4091231635064493,7
5.6309046919733365,0.0005277260594954425,-2.874959363046368,2
1.3461080249003465,-4.977837416641971,-3.14458882009777,2
-8.490529342514625,0.3793356831974468,-1.3296442418104184,7
-3.0094256346362256,-6.310746412443705,1.871443653856826,1
1.307490114373361,-5.879808223365192,-3.062740352563546,2
3.8633094852796885,-0.38908244004754844,-2.2110812737105996,8
-8.692139970226453,4.08303406931735,-0.057488920160911006,4
-1.9786254264904226,-7.482160272942489,0.14969393718297352,1
-6.851211995969082,1.0990111350681997,-0.15704059003241522,7
5.196350700486033,1.4810145483258195,-2.7432340307866165,3
3.8414641602570923,-1.4826509463019528,-3.2008511671064475,3
4.4081341316595735,0.8509886117128915,-0.6805977143639601,8
3.531519682492861,0.6800026777822683,-2.7436610982286274,8
-6.227017886132266,2.1487601161225927,1.545576180778132,7
-8.474460432433927,4.0594206150125425,0.31751556323594887,9
1.4608273336363378,-6.144106571120012,-2.6517263948905785,2
1.2289641147552428,-5.9132572710268585,-2.743506559631105,2
-10.616634348076673,4.113610673224311,0.20673550709849825,4
-2.6035905583687664,-8.59998591555079,2.686300709353538,1
6.010470968999386,1.7284557500645048,-1.082224634449409,5
5.280325587098865,0.20586460141551266,-2.2947513879451065,9
-4.9500482218864486,-0.5827161460843349,-0.23306669513922307,8
-7.976975856160293,1.6605143367469752,-0.5876593491078789,7
-2.467973478350855,-8.560444673748524,1.7230621583900352,2
-0.045895732937478416,-6.70407636430355,-0.2616298124289229,3
11.66902435264331,5.52695466973314,-0.3922048639160483,0
-2.4001266198694946,-7.260402836617452,2.1115050946283054,4
-10.27160128777645,4.843812672084315,0.09934212990969671,4
0.736261798698934,-4.46873273028557,-2.180833567949077,2
-9.158236265664856,3.811409617205918,-0.9847715845158391,4
-2.617931208505763,-8.434262669937768,2.7082437967625257,1
-7.831377128368741,4.966349404728419,-0.10963311334649295,9
5.340519494431633,1.2887414563662916,-2.702523764428577,5
-7.381350958906361,1.755185882182257,-0.4052989374733502,7
-8.279243499923018,1.5955728329096655,-2.9356145427115967,7
1.1285347738303109,-5.72249493827408,-2.245306555811306,2
5.7489325568274126,0.14690591613903325,-1.5510565520564947,8
1.3966327580803106,-5.784897344383365,-2.686328708888396,2
11.924837270378887,5.8171588509660905,0.019780561467880042,6
-3.92351860097603,-1.8646937484231594,-1.416060203299793,8
-2.0030015746707615,-8.052283094264991,2.0126978419499206,5
-8.821604169271428,1.846821890395363,0.03228394531695278,7
-7.794371378036969,2.2819132842081857,-0.9381920056725722,7
-9.190586799515453,5.324568458782727,0.9760027848013911,9
-1.7730489854152263,-7.518738230454387,1.8493225387986363,1
5.834172149104125,0.7413494610353101,-3.3994731802024623,8
-1.2267605364330794,-8.644627958237745,3.4170983497816048,1
6.390531588437018,-0.5103544700573326,-3.4209184648148323,8
11.36040561702621,5.938418900783525,-0.21636524018214914,0
3.3008225924271892,-0.011453447352470392,-0.28993498071224977,3
11.292699463352196,5.329240833353188,-0.30609029754323014,0
-2.395711814418309,-8.084426567791057,2.747506711649109,1
-9.972652059069375,4.397689233115929,1.2086473305528216,9
-8.499865840506658,5.27114757697967,-1.1744378304178071,9
-8.918380579018665,2.8252836491763214,0.16698331412990083,4
-2.0288848328730285,-8.510189978775058,0.9890450415845076,1
3.6881481271050602,1.267750385359974,-2.235245559454512,8
1.323356082263015,-5.746324332093743,-3.1952257127803394,2
-2.603220242803129,-8.446891305587934,2.932662842616558,1
3.5833937003326524,-6.855312100657147,-3.033496646695672,2
-7.809064668353819,4.609365422435214,0.1939090899296546,9
-7.761690206287112,1.4243137869614109,-1.311009018738307,7
-2.9053798783851232,-8.10804447734781,2.1902480803425584,5
-8.095247336040927,4.985401241814014,-0.16058941266749793,9
0.97257908874732,-5.667989458182216,-2.6677707597628015,2
6.1342834991828745,3.4940420082667547,7.792180119060188,6
-9.125156321982915,7.0044922621261625,0.346679027837704,4
-1.9112207071932767,-8.246404696489833,1.5179889392037311,1
4.814478372863059,0.7646556308033804,-1.9481682282411308,5
-9.039844631208744,4.4298205956624805,0.46407599469404365,8
0.4730538057070637,-5.069483135638379,-1.635087843454447,2
-9.211475373346614,4.502189676791594,0.6089475393725405,9
1.334063957658706,-5.778881914627641,-3.0675850990311195,2
12.347617509065886,4.902991293591891,-0.6946297645534191,0
-9.112063383586106,4.261489577465117,-0.030843881838135356,4
11.83672018117276,6.094477415937871,0.019583708035149305,0
12.359596882187454,5.643411220234071,0.12647961050892476,0
1.3922066607537444,-6.232752253192707,-2.1361044036998926,2
5.86879281449885,-0.4959666209859178,-2.1239438537870963,8
-2.49462170555834,-7.87333928243022,2.2157366679339248,4
-8.37847450202756,1.3463860428080046,-0.012603380231365868,7
-2.26787573387264,-8.333138408570985,2.774389306950832,1
1.3439627579499562,-5.677686326520544,-2.4757363054133363,2
-9.106627324348091,4.110877725104547,0.17837126985037643,4
11.834110140812692,5.846138655894743,-0.39292353916021583,0
2.1685304022477703,-5.878839719844953,-2.3544283014626215,2
-7.01422560184678,3.434786600940999,-0.022690919444223523,7
-8.792718658997352,3.474414466413438,0.3149776291085437,4
5.400453853383809,0.5112959538351465,-2.2631933455979203,3
5.813356504998074,-0.1710828802434961,-1.8873637488606945,3
11.57338815305224,5.987380148202538,-0.6240873177916573,0
10.88995136146673,4.794430957330005,0.20427612839987308,0
5.255943430314943,0.7614595259899539,-2.7897702942432994,3
-2.589439042710211,-8.366748420852097,2.9224847931281634,1
-8.216126724642823,4.0413611947127315,-0.31363910068938944,9
-2.4201409191523044,-7.543939764119614,2.323562053393952,6
-2.868630022923841,-7.3510548171851,1.6502193371173923,5
5.896658122967285,1.3571101922406217,-1.9449742734855953,2
4.31605938020984,0.7498018517012102,-1.8364993434451566,5
-3.123343032488368,-7.594278214660028,2.1155192627887516,9
-6.7617382760284865,0.7729659161483194,-0.6712387454864452,2
-9.152466781804149,3.8324894656955104,2.355282148781453,9
5.582944371548998,0.9729465382117122,-2.790781889448175,3
11.370715471006955,5.393195471177127,-0.4589729376867846,0
-6.5357409338068635,-0.1439315562915033,-0.14093921218859695,4
-0.5653784521871787,-7.091603483925663,0.17284531572406994,2
11.60819009369599,6.028726535982603,-0.2294615985915112,0
-6.69518582865807,0.7680048065158056,-0.03875553535997456,7
-4.0988119379421,-7.576485187173992,0.5896712482791386,1
-2.7233359264471435,-9.451028003555342,2.3374351808759712,1
0.006067325301211568,-6.430289602435979,-1.8107700265055748,2
-1.8927801020998094,-8.3534136287719,3.367234713548105,1
5.184241135228423,0.5335423365395702,-2.5016680800639555,5
7.142718623969871,0.12002519528249585,-1.9367681518765258,3
6.021110929499319,0.4503610513503453,-2.756434832044283,3
-9.189228723088867,5.859296311579309,0.4299909414579284,9
-7.551946481476843,1.5305193672008448,-0.7469785606754769,7
5.5461194703572065,0.8021062961355692,-1.950467451553712,8
6.258071636359979,3.7458268263691052,8.11313415037646,6
5.680973861975539,-0.9136042355362135,-1.5742915247427338,5
-8.606282201253691,5.439603661990408,0.7500722749188633,6
-1.966897340215589,-6.038831459778584,2.930775103633696,1
4.592079291938873,0.5660471227908006,-3.7399112441013935,3
5.200653574686961,-0.05855888631179851,-2.9236295255023705,8
-1.9062051310562191,-8.098451457652455,2.6667438476262477,1
10.8200264877054,5.150729040602003,-0.3868800882800374,0
4.6741060347196735,0.5913213976895745,-2.318212902470326,5
-2.8015249979030825,-8.667309618573729,1.312859586148348,1
-7.590961345084688,2.016738896841729,-0.19870859626694315,3
-2.295377763191464,-8.74504131124338,2.7327594549385026,1
7.4166230441634635,1.3422289614494478,-3.7056053663524375,5
11.62226275740482,5.597415666329965,-0.7820065409692258,5
6.272415733556217,3.9947873766473236,8.164660035468115,6
-0.6623944759280764,-5.874447650823852,1.1251579949376618,1
-3.8753996447200154,-2.2071807986167458,-1.311403103697022,8
5.624003745642523,0.31946794866305483,-2.0720903388392466,5
-3.2902310554690763,-8.36741419255398,0.9606081554733914,1
-8.552107394187708,4.291900127521243,-0.3555196516970537,7
-7.904821386539204,3.837427281540911,-0.0491412712001742,9
-10.604568273056229,4.007358053698475,-0.6005341417150727,4
6.16969657923468,4.6981224695356305,8.015759165231549,6
-6.786072880689446,1.2273957153964605,-0.6475062701064995,2
0.4854710420903612,-6.371203417049116,-1.824860436071074,2
5.5365197834949935,0.7716660117820922,-2.754826546497781,5
11.746052735318974,5.874083560561882,-0.6643008407613998,0
6.332918678994245,4.206297586007037,8.768674441935874,6
6.422193517416135,-0.06210795597244667,-2.9005884180151136,5
5.770506476383313,3.9574199384859328,7.6476651262671025,6
4.871607077066837,-0.13633668258093745,-3.7376132769774397,3
-7.953330546500703,1.7491113994795646,-0.01602701460523992,7
0.7298966827320374,-5.735872211823597,-1.4715553935783159,2
11.65718803895028,6.240849017732229,-0.7933433985082159,0
4.366277216063925,0.49355540449423163,-2.118201122323843,8
4.283804016397641,-1.7185729507943432,-3.195542782371453,8
5.512639339893781,1.1954019405190819,-1.9259974429814546,5
-8.86390243219513,6.785405869709879,0.9185956986561084,4
-2.0871641435186628,-8.863392289580204,0.7894106196437802,1
-2.869520683036021,-8.580615510460825,1.5045078419400015,1
-7.04267198483587,6.178474963919291,-0.3496724700970404,4
11.842733608508249,5.82458170927318,-0.3462862247759543,0
-7.484912670479594,1.4093515336487874,-0.7410094201298019,3
5.5757766073483,0.698963816039519,-1.777714227854329,3
-7.6088170305695115,1.0485787520251428,-1.072432668838419,7
6.655361326642537,3.8280842354677276,8.0584960938577,6
-0.969061717320638,-8.287474054881267,2.2234050231447635,1
6.726779465695943,3.3727570098108304,7.490973315131774,6
1.008355734557014,-5.822770296664927,-2.696439398589779,2
-3.2627306155718747,-8.505276185339907,1.52538731073443,1
-8.025739503575828,3.0033590117254256,-0.020437211895768165,9
1.9313770785888362,-6.411713788662659,-2.723884615588744,2
3.3086535762719755,0.14667021490684762,-2.4955501247714142,8
6.073582207964205,3.8163393087970214,8.23899084415295,6
-3.2721414810339993,-6.810712406537141,3.0056433471807513,1
-8.288044408973537,4.044788224993928,-0.25174135266440645,9
4.402462269692559,0.7191278470338499,-2.486621263848429,5
1.3588615490169331,-5.703099899625132,-2.9701589121621206,2
4.512769124125973,-0.2842111817024199,-3.041713932032074,5
-9.056452398976518,4.989317943319624,1.8837202691553863,4
-9.351652327261297,4.362476845265941,1.0502558738572594,4
2.139956315916814,-5.675839663719296,-3.4401714136719637,2
3.353022226836779,-0.6242406097262698,-3.3030737454450225,8
5.32827837753714,0.6383153085251899,-2.129720223017997,3
-8.891326211548826,4.500786799793372,-0.5595960057911884,8
0.5289582535178784,-4.79308288415193,-2.2039574298125957,2
-9.76043254564606,6.047698339880994,0.027303326369587988,4
4.933035722067147,0.16449849106408634,-0.5049410170354585,5
11.436102797047312,5.658648782659565,-0.4823653966070925,0
5.688313859560339,-1.4404693101326724,-1.0582863687538764,3
-2.629493060750223,-8.39166116494174,2.5923972188405258,1
-8.00698905337259,1.737630846514511,-1.0599151459275409,7
-7.08642479999799,0.39270935818815145,0.5435796916527984,7
5.397618973944884,0.4387760740436523,-2.4879801887456394,5
-7.722300643374175,1.5068029738680402,-1.0369186112882602,7
-7.611612084945431,4.228769511960765,-0.34812433086232,9
-7.448332178908472,2.254040724031709,-0.032895246257477306,7
-1.548221144975092,-8.03478719347502,2.1474196933709178,1
-7.13369304208552,6.257378244101499,0.33789663500200684,9
1.3965921012350575,-5.533055110932086,-2.793088704953967,2
-2.5927849648765973,-8.332653927650066,2.6143452071845696,1
-5.557575239225301,-0.4648961198248079,-0.7843505076657313,4
1.481931182304535,-5.919966778555642,-3.199802865010974,2
-7.900030012696635,5.032401263245421,1.3490986682853712,9
1.360207015618403,-6.298604140188035,-2.719010425707993,2
13.829346518235804,5.861648169468604,-1.5603750963477188,0
-8.43215989794869,4.568103363433655,0.47408479509877544,4
-7.625957500298231,1.4606277612783336,-0.35277264698010197,9
-2.4799560997204844,-8.564506032299711,2.693421598388659,1
-8.0422349377677,3.9650168804228056,0.1309194334649073,4
4.475628937906225,0.269678551445966,-2.3077024920073246,8
-4.2336598698847006,-6.532646254467978,1.334537633301903,1
4.854499685147138,0.43366942148617005,-2.2984841704230137,8
-9.640157432757086,4.636021526608206,0.5551050519272474,4
-2.6903686190214517,-7.256349766629622,1.9271739808956014,5
-8.239196318207258,5.0102072379099605,1.1345291036664422,9
4.308858687861354,0.1751271122128309,-1.3213774066484432,8
4.940780908849663,1.1351556604944335,-3.5295242038202295,8
6.066075211546991,-0.9662806391678896,-2.2907030078420996,3
-7.135724579169421,1.619019303869666,-0.743703300666642,7
6.427599485286848,1.8678812412613837,5.971008827119241,6
12.002067356886904,5.621749582849476,-0.04169901767984863,0
11.14420456428562,5.838873273601863,-0.16160220116748525,0
4.658997648058172,-0.6740365551661018,-1.9762081924562527,3
10.817516572175618,5.627677064575963,0.16116473899479694,0
-4.26805240710695,-1.6345859527092907,-1.231913176846418,2
6.704598373148757,3.888379404118251,8.314639511026947,6
6.337794650801148,3.652994823284148,7.897970096109783,6
-5.3365599440343034,-0.5621715075668914,-0.49204032280663895,4
4.040994614419417,-0.2675483101659377,-2.58963760959728,9
5.875684072524167,0.9309579352262224,-1.8403944740160747,3
4.9787164125307015,0.36216382815173287,-1.992559022157914,3
5.666817497178767,0.3678804446927152,-1.7463213077931465,3
1.0685829842572587,-6.4888388003255235,-2.655656217977858,2
6.380301662230488,-0.6174020758553067,-2.8477611147844293,3
-8.221787590501298,5.19817205314036,-1.0427951235801634,9
-0.6831568900227034,-8.925258420605786,0.9361410944280706,1
1.1125808405992839,-6.319036926264407,-2.1109292729238676,2
6.000157235081004,4.691471187654492,7.745263948635036,6
3.8451907442084563,0.83998533414323,-3.8686208013526837,8
11.58916743587215,5.405911974478554,-0.41041428274078456,0
-7.977969274126115,3.667898376657136,-0.28586930414422596,5
6.457233756045731,3.9036673526159467,8.447958034119718,6
6.201079951628284,4.050672059252494,7.974744159152281,6
5.0854621119681624,2.275221916540196,9.39912922881294,6
-5.988799894585556,-0.7615256580814702,-1.3367440795189687,3
3.5512034841546125,1.063487397711832,-2.501827223288495,8
-3.7671136422214584,-1.1712665946749128,-1.1277367911709852,8
2.1336729317989267,-5.981222803206933,-2.705124771697615,2
-5.853897443334401,-1.4162678483584739,-1.8282584032106732,7
4.604733509228662,1.301900255045629,-2.205570478987206,5
5.815504318221508,0.3334286619797518,-4.047276871322886,8
-7.334833437908038,4.358072211196653,-0.3849601406380785,9
6.127848289213249,4.183038645222286,8.432723564128898,6
-2.641182662690695,-8.515949750537406,2.6719936286242945,1
5.27124136721177,1.0615040362602837,-1.9480812673741157,8
-8.666831199357272,4.569889394180704,1.6626630180809645,4
-2.255584944549219,-6.024981685267772,2.2480509042433594,1
0.9917275979275935,-6.151675198308188,-2.1311233084492986,2
6.01346891215755,3.7684199320741447,7.825107223899003,5
5.433109461288016,0.4506515133780479,-3.0741312671955905,9
-2.842289056490032,-7.363435367444453,1.258204157515412,1
-11.478535328578367,3.7685625958028135,1.469993261885345,9
-8.428230733739825,2.623164988495894,-0.1769503107157835,7
-2.653366940038998,-7.891009175017383,1.997009781887363,5
-8.292515420467089,4.059403063189178,0.06637008114102794,4
11.549430008713026,5.626838646014356,-0.3509016955764721,0
4.39195457939813,0.42934863148192676,-2.2079528650131213,8
-10.36101458342539,4.339180570338203,0.11441429943843406,9
-8.986304878285459,2.612829950328257,-0.7312761590333448,9
-2.8343228605100945,-8.037172215464489,1.2057037593701303,1
5.425079712592151,4.964688610563818,8.138447501331429,0
5.283847727705562,0.4863651153462124,-2.171078048878985,5
1.1699437649719393,-5.680550365359167,-2.6016433192940642,2
5.1337890155511765,1.9976605280964423,-2.1339690369024518,3
-7.609864782933763,1.2446566494286309,0.12442276487615023,7
6.1403082935987126,0.8929523869463857,-1.8621767960627582,8
-11.31366094634265,4.557538021804858,-2.2167375807311487,9
-8.466292663686133,4.502983177663862,-0.36571756865498606,4
10.804603026702965,4.939171859041673,0.27515259245302764,0
7.307462897738547,3.406312436123225,8.079665800967954,6
4.584441570157697,-0.23521325744084653,-3.4787724549500334,3
-9.264810664989032,6.253035129355106,1.021435777745241,9
-2.647669185803222,-7.471135872008195,1.557037722628591,5
1.2869304811765248,-5.6724533051076556,-2.726227153516694,2
-0.7525493513681645,-7.6524046554699225,2.6238717778337195,1
5.6170401141958495,-0.1531623358331538,-2.622994572359193,3
-2.013174246977163,-9.52037108466093,1.2831358837184546,1
5.028254328899564,1.0592623398069199,-2.215914374987718,3
5.305751119890267,5.051918143321394,7.716230572006589,6
5.627565111522903,0.4847099902886013,-2.5808893647515063,5
-6.687917451407804,0.9380601778481754,-1.3305573933190509,7
-5.990046818831001,-1.3409261030137387,-1.3044211255047338,4
0.7305225561884656,-5.513055201302819,-2.3124466564110064,2
1.7419733839521705,-5.664335071009979,-2.2500673090174024,2
6.4884254269036115,4.387383327479059,8.345125202939888,6
5.774151250488675,1.3877814912856996,-2.7629601760988343,3
1.3577800015853103,-5.801813906962848,-2.8160106317589313,2
6.297068040930105,3.5040991750547397,8.151592534903722,6
4.878500983854602,0.4192346089755667,-2.5573573737711848,5
-8.868013800181783,3.463015056508876,-0.6868724194875406,4
-3.7655816313775032,-1.725265340140388,-1.5040928694184443,8
-9.953616969695409,2.7513654897152806,1.3402449285090285,9
-8.133665575741604,2.5458968603937153,-0.9278541905460516,7
-2.19579183252017,-7.98587171539462,0.8807061016550451,1
6.823101088923336,1.201788945982094,-3.0309314111355947,3
11.181936355378571,6.688126694394244,-2.0253009055891336,0
5.596879309289874,1.1205006804084858,-2.419928653295047,3
5.991527941018181,0.5927483155109082,-3.544594322792226,8
5.607015875571218,0.675712513251939,-2.543559150027603,3
-3.65889665423003,-9.636143382559162,4.77861266015216,1
-7.360724615020908,5.261897233290624,0.6718392646275606,9
5.371268957407694,-0.0991701306004085,-1.000965088183066,3
-8.894975093021978,4.285214518200482,0.16317161332673658,4
-9.721345031781263,6.55147123319008,0.1273619850406449,4
6.068367462065112,3.2647809913041295,8.688601044545402,6
-9.207992644183097,4.983957220265653,0.8061810426544813,4
-2.7904517227347103,-8.031796951968225,2.217164607159449,2
-0.3986499927701148,-6.801218795717869,2.32193625397696,1
-3.551144061921269,-2.157763214897486,-1.2407696880335706,8
1.165114602777543,-5.259104548088793,-3.457193633113407,2
5.144208216134366,0.4628165640348891,-2.109710872961526,5
-8.208562834371127,4.893441385795645,0.1517120026438109,4
-2.106931726744087,-7.956373984846067,1.1608381198384736,8
-8.319976133534466,4.170579832208092,0.2691006705921086,8
-10.39357802325191,5.118136559102154,-0.3216217748190756,4
11.555007005345633,5.527314411603221,-0.4698260085667595,0
12.401941218835148,7.434251264067494,-0.6240998436808755,0
1.256177454912791,-5.452519370551353,-2.4180757051295227,2
5.975710685739687,1.4731301617192507,-1.3815384725555329,3
2.680384772918944,-4.167637758377161,-3.5474148517934663,2
-7.381554318019534,1.3158231369059594,-0.8767641687298091,7
-2.563417348016721,-8.192314002867516,2.256659738466809,7
4.770474243954995,0.6406587703152009,-2.2246668446664457,0
6.262331329741469,3.8070298077049967,8.032349342595944,8
-6.609717725132695,0.8396819861661434,-0.8124154539468993,7
-8.478228627949306,3.6802279753066403,-0.15764759050907928,4
-8.882302526074657,5.698771563248191,0.7317108798224872,4
-7.6630422919492736,1.844792921043474,-0.6099015292328802,7
-8.190352680551829,3.3910835018034127,1.8435453755419935,9
6.345337849922413,3.220524162328893,9.139772697690937,6
-6.838369333094786,3.4314941523837463,0.3581064758285516,9
11.498224848392768,5.620487527563871,-0.13868323034539753,0
-8.891629098373265,3.638807613289061,1.199159830679584,9
5.565412657533946,-0.27352640906798364,-1.2915433826478224,8
11.403156548618188,5.518421499687373,-0.44806311695100964,0
-7.6037475387090705,2.3992301667300975,0.3302105318244586,4
6.044109165742317,3.223952740854878,7.299872751728577,6
11.035298442636517,5.566431714605314,-0.46007510375640076,0
6.438253376818913,3.6521182954128992,7.778412621070277,6
5.861560489076192,0.09198299825212458,-2.1173196880731715,3
5.544117679553004,0.6235163930341354,-2.3887190570932986,5
-8.792384189239213,5.070746467059544,-0.11920988747268413,4
4.674175897339222,0.7637195916808815,0.39070525195954353,8
7.2073491085884065,2.4102029205494864,-0.21901109340742808,3
6.272389522301984,0.5925493369795081,-1.7084007653467619,3
-6.945323625017576,3.4805772841559084,-1.903932304177773,9
3.1440757863632993,0.805355720617698,-1.8330163579503138,3
4.453319899014649,-0.09831540353872309,-1.7633472690839727,3
-4.524560696195458,-0.12222799382347627,-1.074848657920236,3
-5.97360744913345,0.27494108303369114,-0.47774474275375184,7
4.800811391182449,0.2425992824943788,-2.263366514242583,8
11.950899793224012,6.277583474604952,0.46583435651526806,0
4.452236008150698,0.29985109301237917,-2.0486815914292826,8
1.4332810300100427,-5.499193607298622,-3.0298563910279466,2
-2.6231078975888233,-7.987616974781745,2.9001696283561373,1
-7.826008224639696,1.73244474782418,0.06460561592448144,7
11.887555587085622,5.667363648797093,-0.5265524574945688,0
6.397370754876995,3.6193573210494403,8.816661381361973,6
5.68044955895794,0.7455529038693576,-2.7899660330573277,5
-9.561872884833324,5.745436595363556,0.15026445700078772,4
6.917474875627755,-0.5810449832467293,-2.6545136476187503,3
5.860797725093409,-0.06538647401027359,-1.7149404554203898,8
11.707529707837912,5.585817741927192,-0.1804290807097125,0
-7.200195035796013,1.711727547390805,-0.725858330389004,9
6.703130481723097,3.9948913314166896,7.888726466211096,6
5.415916035539416,0.36087113531140064,-1.7283877441310507,3
4.199379633494607,0.18725927897908523,-2.035030963685044,8
6.794452444621147,3.7734893653585684,8.292970166587347,0
-10.023090362190214,3.6705402037260155,-0.962613579191108,9
-8.811543260749659,3.8631349649558917,-0.9561360531702294,9
6.422569725873352,3.7745122870757033,9.31875211026091,6
-4.400716846548143,-1.3821710079250389,-1.3968767579758423,8
6.349889606803499,4.198568970549566,8.454149760114088,6
3.1310449163332255,1.954279998927761,-3.745665975413039,8
4.872249145220442,0.8455392893992906,-1.8377513442540554,5
-3.7307300501018577,1.6417679081989234,-0.22813915403344143,7
6.1770823985058465,-0.44234652214914183,-3.023280528996713,8
6.767040114585945,3.478011575601937,7.5021314817602995,6
11.181052497971484,6.68767410910676,-0.3286431974110002,0
1.6813595351908432,-5.597411597453073,-2.5931840838761633,2
-2.3506976404237765,-7.902456256110246,1.2878673963304221,4
11.718064805886224,5.8381918992339505,-0.365467243540343,0
1.0180333243629363,-6.050358285582288,-2.524055472258,2
0.8400816097122086,-5.70160747380992,-1.8908998318570212,2
5.810799899990151,0.7004028253371534,-0.9366542763006147,3
-2.7840080907481566,-8.255566189755557,0.6432267530686582,1
-8.672172106206546,4.03411350982811,-0.4297004164177798,9
-6.598864587487667,0.896555325808094,-0.5902526075301913,7
5.004486775459372,0.7919754311333833,-2.527119885802683,5
-2.5163352991898633,-8.330052601636593,3.012242568011478,1
11.508174744861464,5.674873767939442,-0.21681268560886036,0
3.7363040522234514,1.228929238110582,-2.0520354046281684,8
-8.19839563398367,4.439768950554309,-0.010167912643077315,4
6.209523026175676,3.5252844513758785,7.702817848003197,6
2.5017569184595523,-5.1396547106009445,-2.8230824404216133,2
6.496245931835466,4.204942855899154,8.340545099218188,6
-4.8276449195487725,0.9625026826640894,-0.8822832286579545,7
-8.982191832874769,4.559359639668164,0.17279495384253837,9
-9.066584623037388,3.9490524268446294,0.013975343407929719,3
1.4650696829659537,-5.7706088227914725,-2.951111731735464,2
-8.58014311832999,5.740906020585333,1.2053675505542767,9
3.8578313717255215,1.0733666146103396,-2.269762018273462,8
0.8209362949369545,-5.72637646643497,-2.892128445810633,2
1.5497884074232666,-5.765447933971746,-2.9293283798877545,2
-8.017499443939997,3.9923737768006333,0.27066930895847285,9
1.4113249145196165,-6.249865991792052,-2.4722123777637375,2
-8.041167192385348,2.312474172865758,-1.363769727425323,7
6.746721437512761,-1.6302079189744387,-1.1259648138361662,3
-2.909893754139358,-7.021435776782088,1.8760232269210315,5
-9.369962433099694,2.611124064314701,-0.7539466813533349,9
-2.741429949300353,-9.031992441762347,2.6006049269248424,1
5.612645180606425,0.1642907017907228,-1.913048160122176,8
6.3423540345501195,4.079428092612998,9.044987307017772,0
1.4738072498306873,-6.287980734975001,-2.092672339133387,2
11.263991333757287,5.2646287822822275,-0.6747924663118856,0
5.586114555966644,0.8994479569374678,-1.6276485744171332,5
-0.31460110875617575,-6.732833140868352,0.2588324750092989,2
-2.5181393587509597,-8.315890288763441,3.193066457621803,1
5.814529554743678,1.4922309910949365,-2.603702291128038,3
-7.847089687599549,1.7152870322784435,-0.1088727860003953,7
6.327341321182268,4.957725579029297,7.105754824390246,6
-7.737093267331634,2.4246262488122357,0.04106834604570797,7
-2.4650720135947775,-7.836902401670407,2.151428987266077,1
-2.1046121373782434,-8.235549654051042,2.2197546295439365,2
6.618145654573747,0.29954778963799433,-2.6877366711298274,5
4.6390980039578125,0.08131151835645112,-3.005253563601159,8
11.739025171521394,5.693008907313035,-0.44143505526042004,0
6.448439827187378,2.775843921590287,-3.1494514761715235,3
-8.63068566897563,4.273728141161962,-0.050206691463112296,7
-7.996996503990716,2.278746158187567,0.15721955723962888,2
-9.12469186083542,4.313728860156734,-0.21540367581599174,4
10.762231004593808,4.7259919503881545,0.4637678623912036,0
-9.21570052666952,8.982351921228153,1.0173935808359986,9
-2.4055626595771473,-8.281169366976245,2.31747034674228,1
-3.9552656171634264,-1.5475980728949048,-1.2429866576158686,8
6.50523114140442,4.054191633359925,8.653083765279002,6
-7.699106691160052,1.300876910811031,-0.859048774054681,7
-3.5375482433343013,-7.776867763690265,1.7933526828555393,7
-8.695881671652838,4.413040150891733,0.45120942732296365,4
4.570432317043334,-0.5669604729538642,-4.361697013573222,3
-5.0335666119560365,-1.1476407603655894,-1.222209983008086,4
-9.105448266382783,4.5506802070686785,0.20839594895594632,9
-2.075960836439295,-6.582740208231659,3.046824780836742,1
-5.470055549483355,-0.589840241742282,-1.8224111638666836,9
6.781614433301078,0.34766703766007634,-3.5196711135595735,5
-2.3431331814172265,-9.251391039393834,1.5785505551404144,1
-6.90502774358199,-0.3433209799434279,-0.8685190650446872,7
5.1113239710671765,0.002332046666314369,-2.763695997305593,3
-7.610637759293652,6.011007377253437,-0.17085555125792024,9
-7.653258764524993,1.338025894386997,-0.20794254148941874,7
7.181608987698862,4.663493256969105,8.152999113191745,6
-9.756790508753538,5.689929109941708,0.5718267353314627,9
-3.034021318341759,-8.343639482991481,2.2190894050862617,1
4.338931593439334,0.30303962123033584,-1.8782976488317071,3
-2.593687679368996,-8.632649247730063,2.805836737235439,7
-3.9955192186003377,-1.7428779912071795,-1.2440691285471788,8
6.638904242241267,-1.750869890205867,-2.2309886776314403,3
5.490758875909811,0.4918284148483037,-2.2363424718767457,3
7.516590883467093,2.161497364982608,6.641169545557471,6
-10.003249981888379,3.253578310113204,0.5554858154346674,7
1.4409155126825637,-5.770785165502356,-3.1032338405955073,2
-9.075004103280309,4.8916114518315545,0.10548099507525888,8
-2.910603875475547,-7.317501567037049,1.7840491163875363,5
3.7193524254807957,1.2775550471448047,-3.410515172668571,8
-2.916780556714477,-7.381406196134552,2.085690231230862,5
-2.6442424660732193,-6.868399988567981,2.728104035989707,1
-2.6057442125720716,-8.558218339054056,2.7373550274142753,1
-9.896405806879157,4.314004992077483,1.4685067726943801,4
-8.231033153291733,4.059522385693422,0.4040756849624482,4
5.353962479627695,0.15021791256380887,-1.8108374497662245,3
-2.892385121233137,-9.031744500986678,2.8852846833792354,1
11.938984036455183,5.707393429899664,-0.5197395141583332,0
-6.876181437770572,0.5528501658650049,-0.9569186211766836,7
-7.916473775551672,2.138763959606233,-0.5772763932761173,7
11.55414909934337,6.6476475222011775,-0.5748142956238608,0
-7.914014868106086,1.883059427706031,-0.3542754261972873,7
-7.463177655501059,6.0846878617016085,-0.14649767396785573,9
-7.7213479392650175,4.879619026444086,-0.25261004598022824,4
-8.210909659985177,4.292979390419815,-0.21803348495240404,4
4.42133374448847,1.6441419167175564,-1.3644270183923048,8
5.391642835791544,0.27106935763132395,-2.462691445509616,5
5.807413861794732,0.9207628589969575,-2.712028319248421,5
-9.29442049040147,4.3358999590803675,1.0262243203899957,4
12.360465275486003,5.654925503595201,-0.6316377190980261,0
5.6413396737495285,1.2088008257264478,-1.5929801737873357,8
0.8003663125316418,-5.645228765304441,-2.5195753615090393,2
-2.212448760119535,-7.816146485780531,1.693651669488827,1
6.434185691628161,4.038811745031797,8.606872475210002,0
7.367730986831296,-1.0119862543321192,-2.4852701411755236,8
-8.17235378869942,5.437642300433361,0.2759205058510644,4
6.508516159684437,-0.6853920062437705,-2.9056227211782444,5
11.473959935254063,5.775953966447045,-1.3692520188896928,0
-8.36286096871723,6.049529860910827,1.4920020920908335,4
11.465124763479658,5.591299751648761,-0.22002055425488914,0
6.5980917542234465,4.040574611704195,8.661998718690468,6
-2.8257775106953025,-7.009734667322132,1.6590746057216603,1
5.244846806497761,0.08478588685006538,-2.2832517312840768,7
3.514898389307021,-0.6228040733847791,-2.4338976044534912,3
1.196854238355308,-6.183295118497141,-3.198553451354386,2
6.697790830488693,2.6321412825398633,7.010725497617808,6
-8.785574321663066,3.7360032718479617,0.19765199276390147,7
1.7004702060250603,-5.966629959421743,-2.9264818601934754,2
6.392511049285028,5.4292812432204185,7.775245618662458,6
-9.269237619558673,4.967668270104235,1.9756577821078958,9
4.562822599613557,-3.294646298974674,-4.6343554427794675,3
-2.6981154871159716,-8.081025009376742,2.97146128014594,1
-9.536406515897703,4.694479218384556,0.5950502275735674,4
5.949032736662512,4.298354950760579,8.559208370918123,6
1.3974553531079619,-5.007944712649719,-3.093036679988617,2
4.720262657697267,0.45445477204064666,-1.7972094361321347,5
-8.345863947823348,5.376341072980678,0.43685646213242674,4
1.361907511922424,-4.6579885025726995,-0.9386782155941134,2
12.276365299172769,5.630983867953486,-0.24119203962121147,0
7.027236916571469,4.785319935531127,7.257694441043938,6
1.4122217107497488,-5.9220164924905845,-2.42404846128285,2
-2.5003672335407727,-7.87320812042632,0.05583055690748817,1
-7.778998936527477,3.1787955250410667,-0.17644419891552543,7
4.698829011263082,-0.11569962937824202,-2.9566049604823053,3
-7.946079481518781,3.8449966476417288,-0.0035687933424411733,4
-2.0679926397081188,-6.976159838364428,2.5051319690101406,1
11.841957166428509,5.957984070029513,-0.3437360545224146,0
6.3478214394863555,0.5371422177253415,-1.9788618580901804,5
-8.58063868299365,4.016390405492416,0.4705014749086237,4
4.286695415277565,1.8058442163670418,-2.0960190248213713,3
-2.9797517587972546,-9.739194623600522,1.9016008947641287,1
-2.7730891939234557,-8.51440916343159,2.6986020821879717,1
-6.7139051982302185,1.1296653854696006,-0.20572831047756363,7
-8.750561582873717,4.137299767690381,0.4328860719655512,4
-7.184837054704039,2.011177877971731,0.9348578719969229,9
-7.146005525648685,1.6638443039587036,-0.5245835533151377,9
-5.165636298498843,-0.8064924672903232,-0.9256095193883118,4
4.858489932690016,0.42182345620710315,-3.1922685076048083,8
-8.114455558968585,6.545529321492446,0.4545997843287882,4
13.275320007635754,6.187256046081587,-1.2270171664042702,0
1.0965881179501649,-6.210805801160513,-2.726484848156413,2
-8.279108575405216,4.528125633540538,1.2415895311706704,4
4.189224246109764,0.5877496513565587,-1.8237243702153167,5
-2.7447600553235536,-6.674264579968792,1.2532073240446722,1
-3.093691999022238,-10.141910961591012,1.2836079885069773,1
5.650728905061068,4.804634462989727,8.213829917024027,6
-8.46519383343433,5.1242198887479145,0.4554612127360364,4
-7.741291153475805,2.711864427282709,-0.21140567331948817,7
-2.0734069699133375,-8.725033397341692,2.721231250450009,1
-9.486392389130927,2.1413435116758754,0.5931381342159181,9
-8.332851746271427,4.178688823730922,-0.13082584539605385,4
0.5574933056801601,-5.658871260349128,-2.1699788101494732,2
-8.392028611785193,5.3227493541226965,1.1495972475076854,4
-2.102090875904868,-8.311419414077871,2.3729382308230624,1
5.6447726255739825,1.3238259266788268,-1.7664275332390882,5
-3.431045419361868,-7.8000742010369315,2.0154731322940838,5
5.428853916594107,-0.2563677288175894,-1.7485493682800592,3
6.191275797941506,-0.4462456044808555,-2.847182801873613,8
5.829857794413449,-1.7077465848328957,-1.2003977486240034,3
-2.8229370484625442,-8.358794084009084,2.2449447008575505,1
-9.753705238358558,5.223394921792288,-0.002745796878569573,4
6.813313923448433,0.8825096247013874,-4.406867116891599,5
6.298513316457427,3.962642895358268,8.196443090909717,6
5.20042345278008,0.23295056213835663,-2.382467464754566,8
-9.231856734309677,3.3033076705469995,-1.8730512895120073,9
-8.531968779677806,4.022944381305411,0.5133419872703656,4
-2.7548438021287107,-8.169929649915598,1.7962211317167722,1
-9.089609746770899,4.952985660458413,0.7620471494700125,5
6.016174190502386,0.5139416008984667,-2.813886153455099,3
6.355845229803,2.4964704655673966,-2.105065534427603,8
11.699516954034285,5.445411897623995,-0.018181425772081372,0
5.442923739639033,0.6233947921102884,-3.1648844679062327,3
1.8121982086464725,-6.154567685054436,-2.7522247605593124,2
-1.863588757396954,-7.726925968152277,2.1462362875555385,5
-2.2042848308876843,-8.233086954503216,3.1539837836579183,1
1.3454734585271606,-5.5518491987337955,-2.4554216998267644,2
5.805584831775873,0.34587527751256186,-2.266184032854275,8
5.342868932870303,-0.3571675676198603,-2.6973289280218187,3
-8.026702255825327,5.456361069635313,1.1028287120248286,4
-9.73437775359645,4.69989783075626,0.26686253757975237,4
11.873969311383576,5.7948779226575535,-0.42659879384043486,0
4.382983740692042,-0.464622711208442,-2.77474006532998,8
5.470312243642153,-0.07290800203151826,-2.790005093332432,8
5.799805777983989,0.8512839332751647,-2.711015279114859,3
4.713560000822586,0.2723265001942921,-4.272816260227673,3
-1.392669800096147,-7.609017954005455,2.4652809780879297,1
-7.038213838570726,0.9531815604698912,-0.17702408757472676,7
6.290155440829803,0.005808352859457411,-0.912526568816459,3
6.194071241988938,0.5812683467752391,-1.9702092589560518,5
-8.406431066504124,3.212532080678142,-0.67098399569558,9
6.271233695002184,3.536142117864561,7.658030057332024,6
6.763802705548661,1.6929290932713448,-2.1590723886108183,3
0.9453108845100471,-6.001280943600344,-4.128550322239102,2
6.820999941361298,4.078133885704145,8.495442059292191,6
-1.9778379934787296,-8.02937417413258,2.132015685013406,1
5.932951293175646,-0.05465625586057049,-2.9926053070489034,3
6.554695503960175,3.5698857871004046,7.95002009121499,6
10.24524343036341,5.158556795940747,0.04934491143208808,0
-7.381635560174815,1.7337291187176027,0.6183188278953706,7
1.1637498017126253,-5.937123988299403,-2.738971674956075,2
-2.9413561713910337,-8.780714720961857,0.35547109166533564,1
-7.730444783924778,1.6786680296678413,-0.6087441834462367,7
-2.8697810563440744,-7.619713542145155,2.885613891802904,1
-5.470165998788678,-1.1545128423254498,-1.3460518789517169,4
1.3751367448236884,-5.98198656209761,-3.7152558025935223,2
-5.542632635596818,-0.8377610880794295,-0.9386155293137415,4
-8.569519297959983,4.277018546479198,0.28876164254273196,2
-1.6438013608512734,-8.749604070069335,1.6672722914401485,1
-7.141815607633245,1.6400147801310028,-0.31682699127057046,7
-9.264868540728118,4.244834988863138,0.8562511349609104,9
6.173497762329985,3.4308180828344064,7.40171248246841,6
-1.6091849026476994,-6.617123309754988,1.3221195557225416,1
-2.3102783046757867,-7.686038644104228,2.9122022122030575,1
1.1437399794015684,-4.458820065548794,-2.7792743004532188,2
-8.878101109483715,5.220701197137279,0.06058588563997813,4
4.855853587262076,0.03820005097150003,-2.2911067899022184,8
-1.1627355831452364,-8.693776728818202,2.5371640689563986,1
-7.901627968911442,1.7574014339208164,-0.6602571150665757,7
-7.413723530844421,0.7410674283707247,-0.31966837903344725,7
-11.017561290244883,4.154322809226953,-0.13879742193017286,4
4.977992854225766,-0.14025527776245456,-2.8133753588903727,8
11.855359713535162,5.7330312962808705,-0.16325381495199937,0
2.8953984386679927,0.7826664711238772,-2.2575500574278293,7
4.623389868953406,0.20618374374991558,-2.2287754449811463,3
-2.8409607829530414,-5.091487333812711,0.9654795048717116,1
6.100728014612746,0.010572092465883365,-2.537888640219988,3
-1.7841016831598475,-8.402032687700993,3.2623454931199456,1
11.208009513268617,5.61338165428426,-0.2684052272519617,0
-7.856853828586627,1.6050119920142318,-0.2787767832985456,7
-5.797560115372211,-1.5617568237956645,-1.3515968073034936,7
12.865530928523834,5.7421346464472816,0.587851852267467,0
6.61763068633629,2.704021615099384,-1.5799980609893276,3
-2.811880770124365,-7.18561857201102,1.960104725586656,5
5.432425984999484,0.7570861375226561,-1.4084267475025904,5
1.4508600700827436,-5.8553473083073975,-3.0587668987143766,2
-8.148717911314865,1.544117563435647,-1.4606240613052208,7
6.247795691256678,4.398665711231926,8.205743687643883,6
6.223460304193864,4.4307278968628685,8.209334090283152,6
-6.343856812857972,5.103037692889488,1.973036969120098,9
1.6416885182499161,-6.364795336507482,-2.8302995299487037,2
4.4590840628118205,0.09432506798447321,-2.0061071712530563,8
6.720446972371536,-0.020299048074828185,-2.159679955669268,3
5.62814714014237,0.22485689074441476,-1.2996961378271168,5
0.729495346691901,-6.978771639998676,-1.8218622756348326,2
1.5135535222691736,-5.792240402297699,-2.9135349247455933,2
5.409893487652945,0.382331122473317,-2.405244923695316,5
6.475473542800194,2.7025535600794397,7.54456902678194,6
12.235159825192005,6.106675195540237,-0.29176625192915684,0
3.9212423278761093,-1.1748953060752823,-2.6557606257265998,8
1.3994288335428273,-5.59760725500682,-2.652256920243155,2
-6.540527330254035,-0.7517801980334993,-1.291793800343181,9
1.3736019769463261,-5.196787312668027,-2.5946820435989713,2
5.305833383847572,0.5609282015404264,-1.7234635556314313,8
6.217478099289724,0.3507412323393398,-2.300844335200978,8
5.055172201018882,-0.5699356668192403,-2.743075528485215,8
3.3385413987572914,0.27456836016462405,-1.8917250895536517,8
-4.966613804456851,-0.8067776755381337,-0.7986075786281103,7
-8.872217350084368,5.440303719520986,-0.7932850754248388,4
-8.400041551811038,3.4050250649180533,-0.7425300091262728,9
5.145933728825655,-0.5797771007725141,-2.470416825753924,3
11.50267117186147,5.55598416539013,-0.2556109608224588,0
6.30292110083323,3.782362921746492,8.199160765918295,6
6.228463299180081,4.392224746607333,8.325454551635929,6
4.743360632773384,0.7918512493093437,-1.5258090025213882,3
1.7148988922112387,-5.706048690671438,-2.8840676685382762,2
-2.497359414857992,-7.065031331539359,1.1507529505538048,1
5.843794680609758,-0.9009815336324474,-1.5878273265264171,3
-0.3262727962470975,-6.391116776723623,-2.1142945003806695,2
1.445984908523354,-6.097799157033885,-2.7865801777294377,2
-9.942879611763644,5.1777514112290355,1.0815689233041454,9
6.451557823248743,1.379325112930624,-2.1752176316157543,3
11.188518429344851,5.430825402653421,-0.3374682395662032,0
11.75062066809648,5.450661859395924,-0.20822013277129056,0
5.508654306060066,0.9810625078490662,-3.2790584545474255,5
-7.21049064858622,0.7696379447376334,-0.6242909276276576,7
6.228440208645724,0.21709578242839173,-2.349233125846407,8
-2.081131045139707,-7.7930550981524345,2.445169678344641,1
-8.219059752307341,6.1680944583455775,0.22391653888170504,4
-8.394010581707017,3.076407562984679,0.8030559683538698,4
6.76926821799429,4.619197848540271,8.724529962195028,6
11.788886922085696,5.885950687788153,-0.37077306808763066,0
1.3375149267198585,-5.172815077639568,-2.7467698879936853,2
-7.947493699461033,4.019898607422747,0.5963603366333796,9
-1.4658663474138214,-6.798832590395407,1.1777556464401948,1
-8.237596077181543,4.551968253897535,0.7680816956473029,4
-7.965394443442431,1.909636716542222,-0.32720199396227445,7
-10.264141537255322,3.7215501503576194,-0.20983177866704528,4
-8.246291223560878,0.8815913751908133,-0.6578724471720822,7
5.4644063418375,-0.06558913765437024,-3.023145034241904,3
-10.640593018110117,4.741836881671196,1.2155850435517805,9
-3.297262746702197,-2.075852547147969,-1.1680019560249761,8
4.447725312297143,0.6553114744200812,-2.9659834214852636,8
-8.680978771465425,5.955235180773434,0.715460885586193,4
-7.873494066320664,1.87656253857546,-0.6405730405576316,7
-2.4483641141119645,-7.997659050441969,2.98151951811644,1
-0.11043906845166629,-6.943605830966362,-0.5925813740497817,2
-2.4964427888102865,-8.265957330508718,2.9828469088904335,1
0.8864901349873866,-5.775052542650636,-2.113480141301049,2
1.9509538085981775,-6.306583064632066,-2.5599201672714793,2
5.388858059490222,-0.3354667917288927,-1.2045055100485411,3
-5.79758049588002,-1.1068707522265337,-1.245481976152959,2
5.2586069845997665,-1.223418051972364,-1.91182571494454,3
11.475407643551971,5.690694745421651,-0.18311036922938745,2
4.005217132160331,-1.2162840643863222,-2.9496269093319434,3
-6.875524441094852,4.485288124764167,-0.8079453822665768,9
-3.5216853986060306,-7.886891550505808,0.7821150053696968,1
-6.406825207587461,0.7577732941510349,-0.5066355223448376,7
-9.362838727260932,5.150822666109705,0.5113167504095819,4
12.630554731081007,4.660044183117354,0.10464999501119732,0
6.030366859490179,1.0376802444224886,-0.6792825205247035,3
4.216850722755595,0.4210642280412658,-3.201060080225411,5
-2.9491491796666263,-7.297409758362342,1.752022385374604,5
5.225891371208188,0.23035881004267011,-1.658465398126173,8
5.6015073614828905,4.412264131574657,8.635483733030593,6
6.93428989880153,-0.129988433465962,-3.1904449074490233,3
3.20353777344357,0.5484365980561469,-2.1022697783491706,2
6.660953549590515,3.7898320636287526,7.902230165147676,6
-7.379990521835954,1.415685596512644,-0.7666618539592351,7
6.364182957919077,3.214067202520356,7.600028907829219,6
-2.1809942365132247,-7.710884624796564,1.7683537039125792,6
4.781633404073437,0.42685731986161807,-2.2446834448133277,3
1.8583182926993684,-5.543674147258622,-1.0839748303133492,2
-7.616313658132234,1.4312945387379328,0.13611220299112747,7
-8.194973138512234,4.905436764052326,1.1209531464460236,8
-2.3433548417818075,-8.163476599182593,2.1855802618497715,1
-2.6928573907814797,-8.437450911043554,2.8534117206414247,1
-5.448814185567182,-1.7616698325730376,-0.8851382501715579,7
-8.39281086626601,4.51439474694766,0.05512732399090825,5
6.577861013411405,3.7405004292940416,8.504540033382604,6
-9.313345653003275,3.042769228107335,-0.5065171455974672,4
-8.414616477795406,3.250800907577452,-0.7566847465203695,9
5.388900172959282,-1.2445529451698287,-3.3194161342711546,5
-2.3767246923474397,-8.314631887871,2.999792961365728,1
6.355763793928937,0.06314482431296958,-1.7828489591239922,3
6.517084810882335,0.5083699974485814,-2.711111980273098,3
-7.801558905389086,3.8985894533110903,-0.5710668968184482,4
-6.872986831044563,1.0428645467627469,-0.5831236159601454,7
2.8905031854924643,1.0789785812301602,-1.640978130023001,8
-8.202049290754951,2.5089519110350076,0.18317570324543514,9
-2.1653007584511994,-8.101241591520221,1.7075184941857613,1
-2.5008409320789378,-8.456641910034918,0.7977815693006882,1
11.21432320684098,5.156564065092124,-0.1558763169295697,6
-7.134375957239842,1.0956471543007702,-0.09521058435820717,9
-4.931425173620752,-6.363204058840477,1.6639842699493266,1
-7.338540463085832,5.081355164330578,0.7033648025933104,4
-9.36272626840406,4.965947865809351,0.17791442809005917,4
4.828287668097374,-0.3592595697759029,-0.7268953886555969,5
-8.390703040085697,5.295547781028049,1.10519588675251,4
11.988716149758131,5.7840017180744825,-0.34533987545736144,0
6.666863914200973,3.768351761377369,9.437816481920237,6
0.8202546070524468,-4.030247799543428,-3.0368404232469386,2
4.821415361388043,-0.1373722375025374,-2.0768657250710474,2
6.94137068539302,0.6072267404211787,-2.3217214755585234,3
-2.1479218559243076,-6.915382189865296,0.5364512787585747,1
5.056683907932778,0.4741386310157023,-2.639323929835484,5
-2.432393489225909,-8.698776706594655,2.887893472570434,1
1.7547019789540244,-5.742565659444492,-2.7257310238388612,2
11.948949691742556,5.837671052503715,-0.5438374624434663,0
3.73263728509301,0.1248946519902449,-2.335983593032073,3
-3.4022176196766907,-1.2867767815389175,-1.5116774919788223,8
-2.9770887811170947,-8.430114896078493,2.7247844763901883,1
1.184443228852985,-5.739411979566908,-1.1007862413441898,2
6.277918185486604,3.6121880584750956,7.763809571236648,6
-8.144583382636938,2.3776594734622853,0.1847626921306721,7
-2.9380968826163323,-8.56484163800482,2.6440782561969765,1
6.2118091450830555,3.8303890876182716,8.334907044108663,6
1.5439016277686655,-5.716603379691885,-2.9557065703811976,2
4.527181890848777,0.4371564527655792,-2.2867316828520874,3
-9.151819414746665,4.708852422514313,-0.5329876470286705,9
11.164090157674424,5.410698468833925,-0.393180046858569,0
-2.4552046848300852,-8.193856782122117,3.382146557732607,1
0.9480608971964626,-6.117531265287036,-3.2472455089196073,2
0.342433753020134,-5.136472531443836,-2.8508329318912975,2
10.92971802230663,5.782371270573711,-0.9482870835585248,0
4.930665106062249,0.7771483086476648,-2.5339586943422345,8
