-6.306513137056284,-4.895757476498306,-1.1749327012983977,7
-1.245314249168815,8.463698071596378,-3.792285477064011,2
-6.17032331695566,6.6159678163130025,3.2164732774065676,1
10.277392064064943,0.6969212730179974,2.2275152577027346,0
-2.977515279567715,-8.202491748561192,3.4944445914296347,4
-5.14793669616849,6.440013252866235,2.3692397662290667,1
-4.938030044263639,-8.476257198611577,3.0140343987364075,4
-3.993201062726667,-7.8969350544184005,2.454530060433633,9
-3.311934238789127,-5.79512235491814,2.848016088211429,5
-5.844885691685077,-2.568721888610195,-0.24070408478703365,9
9.547573686780156,0.031029085715417293,1.3792275271108296,0
5.949027275588261,-0.2812762134046194,9.312577789374075,6
-4.7380203150554525,-5.695717292753051,1.5346555376546278,9
12.607279043960906,2.0024761400326674,0.5970639348601638,0
-4.912128669835844,7.676083027510759,4.763844972097685,1
5.149323258429407,0.9858469560902436,-6.1478342163036235,5
-2.4135306984204483,-8.017796416903922,3.1041656937395166,9
-7.910883804022431,-3.0102299682876925,-1.6936306189533092,7
4.925573731131258,1.2239136206813126,-6.431177447725201,3
-3.6328559406243346,-7.568581084880204,4.382133126683907,4
-6.4137243892071565,-3.149861839879026,-0.5869481059827479,9
5.696970749891933,0.5109888216944629,7.9633628535908345,6
5.97918580073291,-0.5534509765469722,9.808857081215015,6
3.189247183576263,0.2422344405869068,-3.7565115613001776,5
-3.144276532805584,-8.237168678773012,2.783281735746885,4
12.090942425336499,0.6034082870702937,1.7974653515456398,0
-7.4509920402192105,-4.721619709855104,-1.0794736357555972,7
-2.116733017229765,-7.762353087717245,3.7201097652763835,4
11.551724156021885,0.8404877248087542,2.1417280873535707,0
-4.825409127714467,8.257500137222877,4.822221194075775,1
3.9016546519347672,0.9100745938856106,-5.602797483072394,3
-5.442339321578993,7.64394350688731,5.838555024731862,1
4.7344979653416805,1.2142016774336353,-5.147834263919732,3
5.509466219840944,-0.45145015260364363,9.303712643434597,4
-6.288886174120322,-2.2210585409905246,-1.213759976171732,7
1.3545455440742786,8.994615150040762,-3.439997306986101,2
-6.377346301107115,-3.717472349841736,-1.0166206562446816,7
-5.000521263614387,8.253121605770389,6.876431765941651,1
-1.1773621123201554,8.663065185402578,-3.666394749454656,2
-5.27325551403612,7.576901723546696,3.6758749530590626,1
-4.557631668634213,7.795784261300661,5.001488799733979,1
-6.55523901709305,-3.822672055791427,-0.09504207472826431,7
-4.30222733662602,-8.043537401928726,2.7950762469431663,4
-4.518041030411606,6.293970941879919,3.1415114843218896,2
5.202973865906707,2.3218891692476586,-5.659795054899431,3
3.4863640478358553,0.30788148122632997,-4.583106001288094,5
-3.623634761112613,7.399284895472216,6.563096550462037,1
-0.4864802487496102,9.677524496654023,-2.1625065011719227,2
-3.792418110841467,-8.182126171686043,3.1538205284031253,4
-1.7354396781700594,-7.472200622016815,3.8376320324839917,4
4.902857912469572,-0.2782673697442184,6.357216168121111,6
5.231752849681456,0.48157281579366495,-6.320750566058188,3
2.7405886285866687,-0.28003557583451794,-3.871170312277026,5
5.0732511528717135,0.05051341161695788,-6.1613499226994115,5
5.620859939038447,-1.344737911743935,9.407863520143287,6
10.856286429502543,1.3964274135155013,1.7318757089161565,0
-2.5910498891798524,-8.129325021283128,3.2832763885627534,4
-4.7750478061660395,6.251774148639018,2.792075402961136,1
-4.937940586562826,-7.161297388022753,2.1367995232633636,9
-2.491759106082716,1.4819753959997746,1.26417206283148,5
-6.866169902508828,-5.016868705456372,-1.1288327695908613,7
-5.31289963756211,-1.4353240406781849,-0.714240497335423,8
-4.30765661805491,-7.156392239970362,1.8575817624934041,9
-0.07354800322833122,8.718537521773728,-3.4598511575077175,3
-6.178850197667887,-2.588764167376518,-0.8929234544229419,7
-4.680547790062114,-7.759264429050714,2.019369925784633,4
5.73946167351091,-0.37852693252078945,8.154781344207585,6
-2.985842726779297,-8.514213718308277,3.317783984266774,4
4.117939055674961,0.3244484215178405,-4.98065939232629,3
11.08970911352589,0.7750869784365163,2.579875099520866,0
-6.19792363281547,-5.261770734623985,0.03315014647360748,7
12.439863425140393,-0.1327559439663597,2.597884012284399,0
-0.18894147491255242,9.360112729943426,-3.7993343651519513,2
-6.256661987916315,-2.0064781300101657,-1.177657036857188,9
-4.967556839690165,6.712091428463204,4.940777102135492,1
-7.266972811741443,-4.277732880132036,-0.44273185579126756,7
4.700209867366652,3.8529332056507,-3.538098279353243,3
-6.5435411164936665,-3.392348545848086,-0.7911690211053419,2
-3.96152783088833,-3.5839474962837463,-0.6951217783094727,9
-6.868853835013159,-1.5306996169355243,-0.9233142741364873,7
-4.272072253303759,-7.6895484340786995,2.820332089164081,7
3.7016082909534944,-0.5379119478846828,8.624887725130444,6
0.06859156430260618,8.093947974936873,-4.813298446278666,2
-6.872033648117091,-4.948473208468904,-1.7785665518026903,7
1.496760707464688,-0.027729243003312767,-5.217340467867089,8
-3.1763705002873084,-8.331110738056749,3.34208556082834,4
-6.459874301380756,-3.2715505109586065,0.17281956320410607,7
4.251681966032556,0.6917538030483814,-5.882915353160913,3
6.020730279825538,-1.605283449659063,9.438091249740166,6
-3.5774637509592138,7.00576650503774,1.583740919442166,1
4.410188298284768,0.090149993849447,-5.84799219627093,3
6.462562093034765,1.6473707190214597,7.817171164691014,6
-4.945125704124669,-2.2832601263609704,-0.12131075765667543,9
3.8556482551287123,1.2124176768534085,-5.774140538615051,3
-4.964236286534732,8.199333189504783,5.660718723369309,1
-3.925757287758843,-7.97025139374134,3.166508775888515,4
-4.119621813334216,8.18990137572556,6.193919011253742,1
-6.272224011726784,-4.122508486743198,-0.3097679842764979,7
5.347603541538397,0.22295020442598612,7.955919277597865,6
-1.7921113123387964,-9.700528805406329,0.02047634122040165,9
6.0303146498739215,0.26717033689034153,9.038949690758542,6
12.541809344665252,0.42789708914599034,2.8494229203804053,0
3.52588777309415,0.4202495461302669,-4.687304951681748,5
-3.6340509928299554,-9.110080335763856,3.5972484853406343,4
-3.169237063427144,-8.920664735050241,3.579994194498943,9
-3.362693114901971,-7.705912649450261,1.6857549947139323,9
-0.2998018590523863,9.174828898115676,-3.6532892878887813,2
-4.8206210173466575,6.987955235643593,1.3145360948065954,1
-3.8929012053386636,-10.005496341036192,1.0245752702014186,9
-4.472325483886301,-6.165093799176754,1.957672647167541,4
0.42217886338604804,0.8897263113363421,-3.2719210269843773,8
-5.575570102260173,-2.8310208595639836,-0.7036964322485831,7
3.802367988859184,0.7935829893390227,-5.685808296747216,3
-3.005563519797904,-7.555415239486414,3.150268374461855,9
-5.540660027217137,-3.5475142270649878,0.04698929694083187,7
-4.584236897867711,-5.035098954178428,1.5376821810795032,4
-6.078896297267166,-7.366889150627227,2.5661476998403123,4
-2.8516553717203057,-9.888199604223274,3.6783478484226664,4
-4.920913456432142,-5.832330617081293,1.5934399361893408,9
-6.056854724488137,-3.560129350043874,-1.3184900273075355,2
3.5051065677797326,-0.7199925088785377,-5.77409757512116,5
-5.984372404954804,-2.561200901903871,0.1325170450940708,4
-5.234803403101904,-4.644311618612258,-1.0402802679503398,7
5.460278558071245,-0.44090599308562983,8.22142139211512,6
-3.7750392186417736,-7.770032716423657,2.8402100690588994,7
-4.536478960138346,-8.218294066397982,2.0747550262256715,9
12.851552938731308,0.5785457270835145,1.6227513696917704,0
2.669737481101097,0.34701477277249737,-2.7745893264277184,5
0.8475030665953991,0.4909497162704528,-4.322334343186718,8
2.736856882734798,-1.2694044128251263,-3.620716247837741,5
5.547074347102387,0.39433214418039486,8.522929055651758,6
5.061421359878999,1.8559329874849109,5.917749380484127,6
4.224301667297327,-0.6054420486483875,-4.97958781758199,5
-7.076944054522775,-4.006686406164005,-0.42652733276011956,7
0.39621983012831913,1.9494972100506747,-4.488567942406878,8
-4.7904831548296904,7.2149162737237935,4.071249152856703,1
11.28673888662411,1.642155565430516,2.0247463718151035,0
-5.029259497273724,7.185168354098624,1.6816418537840583,1
4.711973797596071,-0.2805100511856944,8.974249876091156,6
-4.690248385317921,-5.411269680044457,1.259348915784288,4
5.745384901103927,1.334955586673712,7.109935663833615,6
-5.820844179720856,-5.162987067614177,-0.7705713755677975,7
3.666879324106724,0.7885489459656619,-6.022436723492603,3
-4.175709206595048,5.724550966015366,2.7763938932176053,1
-6.552870271164367,-2.425304672518574,-0.9823224665675757,7
-5.050247676097363,6.990850509429531,6.701223004553081,1
-0.03573266067541958,0.22190725273672599,-3.9984744648598087,8
0.1941871184390474,8.615655054920673,-3.8050150188763583,2
10.804561310468339,0.8244801398694677,1.5075130586653596,0
-1.3648483521293664,7.951958346336845,-2.280980671138423,2
-4.915169304120594,-7.2041879090724485,2.2921098540975615,9
-3.4238057857045234,-7.77713454839042,3.0178579116550344,9
-2.4675080439581594,1.6522086960820919,0.7268415553336258,5
3.4890069963196977,0.23206375827181525,-5.196020300472736,5
-4.732735054408176,7.662016473058114,5.796898154795155,1
3.385975892250987,0.10579020382213034,-3.9041886087998012,5
5.4783597938785435,-0.9685023804817637,8.912361755790082,6
10.486835420106292,1.9776715872313124,0.9054429528652279,0
4.341685429384809,0.9689122673328994,-6.15052477725212,3
-4.92788229725155,-6.303296147062965,2.7492362240112493,4
-4.192221258322451,-7.155936336250821,2.284682904164814,4
5.228883262940888,0.5796687187793224,7.401609173399178,6
2.9896715603071464,0.03878292544344003,-3.2427559803184725,5
-3.5219996376154463,-9.384334120087996,4.431036078819767,4
6.57961244539034,-0.7169430799047904,9.401209667818183,6
5.043494549033316,0.6949112324406844,-6.304896154876305,5
-3.1616061250614464,-6.759820356304923,2.18261216792435,4
-1.7711841136154776,1.0090023450000238,1.441177485303062,5
-5.44268125026847,8.037631073000735,3.27226943962886,1
-2.692516424365099,-6.927470585079268,2.4312114339030706,4
-2.700946395906642,-8.178621977887014,1.8405212209381756,4
-6.00324382167312,-1.6113924956512369,-0.3902781080388289,7
-1.4721476913009621,8.4110153334711,-4.1956407914575395,2
5.392008369305441,1.3431482331293036,-6.9074847906180485,3
-0.25849426164445055,8.484299661000584,-3.0079680183140156,2
-4.623782865333124,7.23797701850825,3.412913156911738,7
-5.442921550084023,6.86281752404864,4.106569675310812,1
2.4356444297431876,-0.4727310901620232,-4.107446633469367,8
-5.011972083586335,7.59456313185415,3.1475109655495537,1
1.84550236473876,0.8273722407932883,-4.456451097346164,8
-3.6191700497278294,6.993602086482919,5.04894732379138,1
1.9838850201155078,1.5378623527305233,-3.857775831616065,8
3.004667194037319,-0.4534460344060194,-3.8518485674183047,5
11.280868406798719,1.1357988133273715,2.7838109895375536,0
1.7548853002151494,0.44086393172881244,-4.414967867533594,8
-4.342404086104856,-5.655907403799716,1.7978552754215276,9
0.8859408428298432,7.810462507903388,-4.739865106918948,2
4.548156027141351,-0.5874917684247306,-5.127883345701285,5
11.753971335964692,0.8865211424988235,1.7805856566684364,0
-4.953796647627434,6.946770175386046,5.680724558043669,1
-4.713012594373016,7.009384978921874,1.2982725706532054,1
-6.0408133615203035,7.19018707012416,5.550695315652984,1
11.176154033796315,1.26707548967109,1.3910441316868098,0
-3.626123489866096,-8.599703046663535,2.70866889615563,9
12.296542673136756,0.48305954171553045,1.4660652519960955,0
-4.929114805120593,8.045632444063266,6.018561543503857,3
-4.521763163589066,7.515722423246531,4.324058538287682,1
5.750772997016099,0.9497677164631737,5.713290478618935,6
-1.876735136436681,-6.473162364981146,1.2536149445908389,4
-0.4590357877536433,8.657940710121128,-3.4019427207727215,2
4.099368337232523,1.3379150061203393,-5.737616663181826,3
5.172430151438617,-1.1754978289005187,10.113411629186572,6
-5.467457614351634,7.322733990350538,0.6696257447034905,1
-5.008433011833143,7.703155668415797,5.253418246831129,1
-3.541534074941173,7.3299162917479626,2.7008277153545364,1
4.011833489039184,0.9278295788015462,-5.995058577313532,3
-4.192385835561717,-6.5736952367854045,2.53768951501137,9
4.060636706173411,0.1735566945861564,-5.7521343625463555,5
-0.6994673893281214,8.047545094174582,-3.2997774691804658,2
-3.754220897542506,-8.6750323869828,3.957461156992986,9
-2.979562437234238,-8.419803694984553,3.6788593028019685,4
-2.2850155842285775,1.3049723559052584,1.0700761080534387,5
-2.743687996434608,-8.124793836800563,2.3840710334709474,9
4.31708422838599,0.7305495307796932,-5.502009154957027,3
-4.739384069277962,-8.916017077373857,1.843356615254696,9
10.255033480638163,1.4275974614824647,1.0029624638679229,0
4.737052486442764,2.6379795095822245,-4.240040701365386,3
4.300749811394276,1.5813018669225494,6.976061205240737,6
-3.697133043356623,1.0067333827570475,1.103929075783769,5
4.153541999609891,-0.07849381424667856,-4.78280336387781,5
-7.290866598291083,-5.15479543708104,-0.09219708268479943,7
0.07419376964696324,7.979552567114389,-3.7380195630173745,2
0.08859678085901213,9.038256334120772,-3.228544670713981,2
-4.238116531701227,-3.9684560022808775,1.3901275520491139,7
-4.221542981119088,7.957248952797823,0.9579205667276569,1
-0.9677845926571003,8.34577370314659,-3.3827703055626963,2
0.9348983231793007,0.27591842247537296,-4.337411651283509,8
-4.532521354120032,-6.7446479902103595,1.4070434138700967,4
-4.685738745646203,7.267081495637672,1.5729979762648925,1
-5.415659625541604,-4.763259336403371,-1.9642376634733438,7
4.242065770837017,1.7311708322894135,-6.531084685473625,3
4.032740616138187,0.7638575994221921,-5.728576878396924,3
1.6944702316869125,-1.8489550653814606,-4.940724780719662,8
1.402804070617312,-0.21567695547832574,-4.548429722611054,8
-6.603401384460093,-2.7519833221878978,0.5389396799967139,7
-4.063190904796278,-8.161894494948529,3.109073499247277,9
0.4018966326317679,8.759863439261407,-2.7415625520093614,2
-0.34660375442491853,8.965491607438716,-4.898333533304465,2
-2.3531750751409257,-7.118795849091353,2.727829822163909,4
-5.965775557601949,6.6034135927780016,5.848859587560882,1
3.3524309000634607,2.3832691191186024,-5.435013516470013,5
2.883972777034314,0.6494528000915856,-5.187429429679775,9
-5.285053740676681,-2.255084725405059,-0.03169125064529266,8
-6.390331880109149,-4.183303150057372,0.06357314960540253,7
-5.223671462530419,8.18415171026495,5.077295031364665,2
-1.4148308403516847,8.449167460985583,-2.9662227350310646,3
13.17473566661624,0.5945408423959789,2.248581446764155,0
-3.4708940448380377,6.19492336368452,3.1938441623232556,4
-3.3603127048204957,-8.587679384340593,3.5157834057451387,4
-1.1675419392122768,8.846893407160993,-3.046297256280198,2
-2.3224189363398007,-6.868507508669866,2.283247208671082,4
-4.490277912928386,6.956944880736339,5.252130582158327,1
-4.4722781322176335,-8.143387404583281,2.7539969399708495,9
3.3013237340905075,-0.07933015375971475,-5.057736831973617,5
-6.044338298950653,-5.655735932707691,0.42741379786987643,7
-7.252115166758974,-4.3460912568264325,0.2128057202511443,7
-0.6893067902497307,8.157616626906597,-5.317158137594172,2
1.3870286854115643,0.5511634086137783,-4.416349564772659,8
-0.20228814644096133,8.559065973225984,-3.2753575862420363,2
11.788418133920272,0.8017803877934078,2.168115778286277,6
-1.4317909650381624,0.914959267260564,-0.47638205630419084,8
-4.221295983840673,7.3524032898510026,3.968596859439707,5
-8.753781033232327,-4.556358093507711,-0.2526420500580616,7
-6.262117763909612,-3.2348248494097156,0.5023016317553113,7
-4.073971738646313,-6.3614893513772675,2.3795201230577034,9
-3.5868005145750743,7.7708391368888385,4.235414414774756,1
9.553254705608994,1.1697965582626224,1.589399483911095,8
-6.612973914112203,6.8289368446247565,5.39640693281863,1
11.226386855693224,0.7328446288322208,1.88366753028054,8
12.140964987541608,0.22879896862964033,0.6791191491974433,0
3.424955545590517,0.3193216922978075,-5.675155342712636,3
11.807191873994142,1.3871885815319107,1.5277734292904441,0
-4.736939008873647,7.5339921803059555,5.371327950118661,1
-3.169287663212422,-6.228095670103942,3.096235947483809,9
-4.619623090325252,-7.8023931674480655,3.572301520740424,9
-5.33736227482818,-8.380419493262298,2.9965158051227694,4
-6.096789610652934,6.55416396424947,3.9896119567977233,1
0.43475024110623006,0.30638323361617903,-4.330637508625153,8
-0.5404970486327374,8.6102673657968,-3.5389041306844566,2
-5.078944784405831,7.280217544052494,5.224075284038547,1
-0.4205211340072944,9.995980456509983,-3.385544986649304,2
-4.856986606229031,-6.582511380367745,0.8658667860096516,9
-6.500547837353256,-3.9827367388825774,-0.6395571898592946,7
-2.1350187877399804,1.480760144409435,0.9107248163643457,5
-2.685965288405769,-10.18137431292325,4.241140118089184,9
-0.41196385216601566,8.731266667728999,-4.234977758811294,2
5.465556961607658,1.3345444600528278,5.8982370103795825,6
-2.342332283365852,-8.957416962302041,4.077687223693683,4
-5.004881590009774,7.522273319351471,2.902628314701164,1
3.88265907840875,0.4246938520391045,-4.764927071970536,5
-3.3346281739875696,-7.833509475599817,2.6586185110894722,8
-0.4369643341978282,8.21095970661426,-2.3276811994122117,2
-3.276397341138385,-7.747370054717354,3.189566047439665,9
-0.4672805759666436,8.734586212118597,-3.070766990855822,2
9.722900281041913,-0.11058782134866241,1.678223536267812,0
-2.660916096645333,-8.107693612905422,3.595370228236426,4
12.239358768427046,0.7230710535783911,1.88516319760795,0
13.026382035245106,0.5360188999082024,1.2859165640924481,0
-0.805154550241669,9.064699619418679,-3.5379891501433525,2
1.4509538760049963,1.1411971464948687,-4.189882051585353,8
-5.713017740244035,6.856805237926322,3.0537927059010124,4
-6.347684776456855,-4.3202782756187865,-0.7022080038149588,7
-4.512726133609224,6.602743473702754,5.855898770114274,1
-0.594490055257604,8.474155133987237,-3.7390490411898694,2
-5.309577390427053,-5.504530017136499,1.2145054077816937,4
11.961339061284884,0.5250406143317338,2.1537729469334055,0
-1.919212849222578,9.101523636446478,-3.7382338785696443,2
-7.540720747730879,-3.565211104734133,-0.1451516072615554,7
-3.9196269326005044,-6.661746339322934,2.4349228330926156,4
4.028372970844938,0.8528309347636543,-5.884878469018405,3
4.293418236641061,1.3684789500355754,-5.952467720410983,3
11.647664873183155,0.9771649593681466,1.427432198172488,0
10.979002510464401,0.6978563804779195,1.2814748093296227,0
4.824734116227031,1.0869161897867503,-6.229351483616434,3
-4.6787766227305605,7.822289633192571,5.8077589145593205,1
-4.4067888674899995,-7.592127072149744,1.9650350225269924,9
4.7914324487016415,1.8883190908612961,6.254743823014066,6
-2.002942235802698,1.7458038899935857,1.3351695043022878,5
12.459947531790009,1.095292601235393,1.7096189322684507,2
5.223040557568022,1.11928614891846,-5.016389035168403,5
-5.58439276700161,7.268461041255884,4.466554388546467,9
-6.515656948741958,-2.71132504435441,-1.0416533307985505,2
-3.539779790767088,-8.172942227723587,1.4973876120323037,9
4.64320361713096,2.3537275655875423,-5.73802295973091,3
10.803243048442766,0.8406982131593201,1.720278841379314,0
-5.321546848593654,-2.6633875206581425,-0.5655913797773813,4
-4.412668100334244,7.216928406856251,4.562995253585191,2
11.282146759842858,1.0534386551581072,1.950654232338977,0
-5.465892163116376,-3.8320309848921217,-0.19840621600577524,7
-3.660020843083978,8.679673608026615,4.1278773165647955,1
-3.7893312031048136,6.169121811162595,5.308260196533768,1
-0.9227667126843078,7.738578280901694,-3.0076938741873347,2
-4.0858725535623295,7.459624514713963,5.468603304019299,1
4.25967908576951,-0.3525791472174149,-4.610250854189937,5
3.8587891306601856,2.1598060893031477,-6.3746345830454105,3
3.1023592857355786,1.663896868088906,-6.535611771921187,3
-2.8437692814039996,-8.985515301252928,4.009208397285684,9
-6.895991569633433,-3.8247763732665834,-0.9216558073852316,7
5.008192395763162,0.042023545222752756,-5.8662453222725635,8
5.882230334995063,1.161883034506927,7.642258097113228,6
4.83602077496823,1.894110510922546,-5.434813239583744,5
-3.699878285596607,-8.50828217689311,3.387685627590153,6
-4.713986590129843,8.188592273179914,4.6780151839406905,1
5.085195531123925,0.7165510420963197,-6.519751290192968,3
1.9057042634226715,0.6817786824055037,-5.675437861087555,8
-5.19559560014674,6.665036759521781,5.94944407825869,1
9.973445625469541,-0.1245513619691665,2.2398801432803186,0
2.9015542751857604,0.020405750803274003,-3.2159785619419745,5
-5.463509706019863,7.625630685055132,3.389337164152569,1
-6.780988277346711,-4.182120377624937,-1.0100092214318819,3
-5.867942464911744,7.600073296938438,6.1996414729514635,1
4.7255963724249135,1.243729939549286,-3.9254005584250384,5
11.276492790806802,0.5491378534247763,1.7039384719961266,5
5.5324528538280875,-0.10656121020204584,8.514181126007536,6
-3.017956354040163,7.8723452439818145,0.5007111784471094,1
-1.7462700355582916,1.3221390494509695,-3.8028225944024623,8
3.9830142775183277,-0.19648116241091218,-5.232521098395438,5
-4.958611906671054,5.921376342444938,4.50392983065398,1
-4.03212036834472,-7.813122061724756,2.713526092614549,7
-3.5759678379115623,-6.272664245096928,2.730672666555817,9
-3.2181415576826464,-9.416253625952338,3.616992802568246,4
5.600905745660836,-0.6446992404690773,8.161231791603079,6
-6.564563985837192,-3.7237927085867986,-1.608467925739965,2
-1.6024205046132043,8.432472078031873,-3.218710213057595,2
3.0232126201094127,0.1534654225098694,-4.719208975949898,5
10.639625284286971,0.8818525014300427,1.9936176727553256,0
5.471191160376232,-0.6050697550739828,8.853249146661147,6
4.243804259957086,0.0710052239282648,-5.856336310386204,5
5.009228169289114,0.4997919469307271,7.725253356611456,6
4.572303490047986,0.7399797316907619,-5.643414605330097,3
-7.296347313800104,-5.485651351595386,-1.3347819350478494,7
-1.413554398845962,8.470904833601423,-3.3893272384246385,2
12.140944188643632,0.32652743056924594,1.3881389053454516,0
1.045574138515434,-0.30040251760030634,-4.637882880345373,8
0.8314785779877975,0.22405374325483818,-4.312766413871348,8
3.053851901588743,0.06859828189179146,-3.5680564120475253,5
-5.462951939041178,-5.491824605190539,4.165812590519171,4
-4.270771484803148,7.136696832242734,3.506044469301165,1
-4.890645988990821,7.263888206866888,4.2140677078984154,1
-3.68393147705657,-7.1767281182891205,2.2540131823992122,4
13.018343866922946,1.0907502159291447,1.578888004711804,0
-7.1640907865391945,-4.620242718328467,-0.7957735456596933,3
4.09909152685982,0.7401345058917272,-5.6022583456021335,3
-6.904703117867658,-3.7850701443812906,-1.1771060494196735,7
4.511660584154557,-0.21299783790394006,9.324406058747389,6
-4.921302496350718,7.430549292381423,3.507282269823264,1
5.7523586699782,1.8203885881539317,7.3049228049870285,6
0.026114184982131472,8.743797956159224,-2.2866343815741805,2
-4.248911516288298,6.736420717169345,0.5074508774139923,1
-4.38445276157928,-5.887814353122711,1.6373830958434568,9
-0.1367644454598957,8.615241430884303,-3.8546638738979233,2
0.34173679680334423,0.16308840218583853,-4.006425848077096,8
4.711016427380833,0.4788360927832274,8.261075313694208,6
-6.112586765023127,7.445873208574389,3.3426600116062177,1
-4.770127149185794,-5.756952945745022,1.1851614965875779,9
3.4485473653878,-1.1503584334668175,-5.160267311773993,5
0.2089282652507325,9.053835447175414,-3.3152457228161207,2
4.026969841344768,0.163075917552771,-4.6390483330881525,5
-3.5198199090642617,-8.31593368749111,2.9793586601181365,4
-3.3979056981661264,-8.69115535952705,3.4791130067618234,4
1.0391011986710907,9.553935562351871,-4.330104938154725,2
1.1963250047103073,0.39930700274242736,-5.355137258389089,8
4.516962709501554,0.7161175672647712,-6.028243418851325,3
-3.744107589181879,-6.400966333580389,1.88446708551577,8
-1.1230278345639124,8.580237087121239,-3.205318650464566,2
-3.7220281083344773,-8.315983601856818,3.425406026780405,4
4.753466811927757,0.9262856977421072,-5.550052690665187,5
11.666219632389604,0.17525387851749863,2.139577886131927,0
4.7442647948120715,0.9574653989230517,-6.709407725537295,3
-4.803666910727214,7.625061575770159,5.1443849812330775,1
-5.950260357260869,-5.749460717556815,-0.6310225527946909,7
-5.866582760321572,-4.154445931262544,0.3964281035528697,7
3.8715096364056514,0.0741937695528252,-4.554019601870315,5
-6.873473219642324,-4.788567253095499,-1.146250175319741,7
-3.7050394563703937,-8.272883259960476,2.9164192871914767,9
-7.538357807043271,-4.720296634951172,-0.07055627217846394,7
-4.957707780638157,7.519609209324036,4.079814064385815,1
-5.001692059963992,-6.0454021378288525,0.8463148155285226,9
-0.6929868115447061,10.151392791808544,-3.6761886830569845,2
-5.460041380978719,8.406779389787697,5.13108003291623,1
-5.9352934330724825,-2.639770940031136,-0.21639478785490585,4
-0.2698486779052537,8.969483895031209,-3.4987193785357227,2
-3.9032573574862486,-6.244408173664494,2.8949409433317417,9
-2.0682830003416335,8.805301807753073,-4.425270072981247,2
13.009638838029314,1.9474922133918728,2.0508682363665436,0
-3.398923147496038,-7.815306927256154,3.2962621498106817,4
-5.108109766202456,-3.984152322721933,-0.043017788355615094,9
-4.890576602161304,7.36351833528046,5.857525263244211,1
-4.7772757631944005,-5.263210897397568,0.7298160650210699,4
1.0846611571703633,-0.21240802654617813,-4.379449882351756,8
-4.866102876642263,8.135205385456956,3.0746429916879996,1
1.1385080390475042,-0.04556330184971619,-4.69941049996182,8
-4.179388202847448,-6.836649331345159,2.380313042295782,4
-2.1979015033398106,1.6910594116091282,-0.037103568290971944,5
-4.033759611330447,-8.718822284472168,2.1553034189831966,9
-0.1827107057832873,0.251372200099136,-4.556108953905486,8
-0.56557445832076,-0.16948654114015066,-3.681374388669611,8
4.061196757486981,1.1820340920438674,-5.331287649962192,3
-5.741710518564502,-3.8179419258925575,-1.144797188425731,7
5.67335003669331,2.1216078351495087,6.156912022943178,6
11.81466825689552,1.0759723225715119,2.1817698036153987,0
11.660961811346443,1.196757481718665,1.2310427634709171,0
3.405755157979822,1.1440957126296838,-6.10557453960206,3
9.913051974899341,1.6190971434534283,1.5298541006115138,0
-2.7510685820415404,1.311034691775841,-2.62345986454981,2
6.092701501724719,-1.2026277177141544,8.771993951919733,6
5.68888127078034,1.562735917316638,7.897903199390891,6
-5.391894992858714,-2.7058121079672306,-0.4147939832508746,4
0.2875977861709801,0.41909040527149466,-3.4662049451792547,9
4.003124548244001,0.9391316441819112,-5.9173176975609145,3
3.695668907148546,1.023877005806336,-5.523143280428815,3
3.948542308645745,1.740750637242542,-5.252908817524598,3
-1.4305777930885304,8.521058580438607,-3.054231587063577,2
4.953893036644144,1.136235661423203,-6.379074044086723,3
-3.184508433942675,-7.904368348527025,4.362716251228604,9
-5.8893313827806395,7.375572558027545,2.3469255373225586,1
-1.0280697299189374,8.437344147442714,-3.1481060052579606,2
5.702780850556389,1.2417986068951337,6.494568622773729,6
0.18482711431135507,0.05262228361949148,-5.443965653344084,8
12.583437653513723,0.5679580511811848,2.061725100257579,0
-4.735824301663057,-5.47286322160595,1.0621298123256673,5
5.784076648315903,-0.19664481973284997,9.30768491685253,6
5.636517502398793,-0.1972770174754715,8.504848955199998,6
4.881330482314263,0.25138266701251766,8.718241066130139,6
-6.50733529867136,-2.369644873337272,-1.1150017945510156,3
0.856533728960084,0.21591846365708806,-4.426878752682579,8
-0.3970842105888124,1.1420803035883385,-2.409741004663961,8
-1.008516873556185,8.453355879172149,-3.3491721225009243,2
-5.4373718157918365,-2.712792467923383,-1.0907388313990143,7
3.8656091401568027,0.9923688834466398,-4.759597513486756,5
0.9726516265586783,1.4140532203707883,-2.5559793827298822,8
-4.629486613745456,-5.560585993296854,0.8261201700357776,9
6.2901106660219375,0.039594887508297094,8.78595908923305,6
-4.658052115545274,8.417738268986199,5.730712251749346,1
0.5737234971897367,0.8320945038972529,-3.631901750578807,8
-1.7805184972945372,-9.697529761415002,4.1129611193818025,4
-5.3953471030021465,7.35906676742419,4.473922629213965,1
-0.6031690414142545,8.306091140673123,-3.2408016857369604,2
5.070340076899029,1.5868651281662012,7.6991341397962385,5
3.192865534205595,-0.40086188923371346,-5.6958221202288914,9
-4.797925490740593,7.709528876946017,1.8091712406379459,1
-4.707768447067193,-7.457965801979425,1.9279710839248545,9
-7.418361275495109,-4.819961531926819,-0.5539950975341701,7
-2.312912638353214,1.6705663544194962,1.0261214157356566,5
-3.3997806121347667,-7.629767529356311,1.7046780706137405,4
10.987331539038289,0.5822179518864066,1.88533604853076,0
-0.13427363887924243,0.04274118750395452,-4.15126811415448,8
-4.115436328126218,-6.941417826261651,1.5846195861544519,9
-5.33714665716715,-4.958733045088637,0.6844580399390079,9
-4.434366963615399,8.629576234967718,3.62610808077416,1
6.2165192532820255,-2.4080001809345184,7.729410601770608,0
4.029741940130801,-0.06112500437923479,-4.729785489072258,5
-0.30294521151307996,8.475855856395821,-3.875945721831446,2
4.922090111859029,0.9889021891449625,-6.156051320905243,3
-7.716740905349537,-2.8762402830489786,0.14978231730955893,7
10.014643881730432,0.5981764181826882,1.624313944329935,8
-6.135193719486087,-10.730901317562424,1.9649659017840364,9
-4.127285020668022,-5.545636163664263,1.7346410221368225,4
9.974821042878062,0.5684116553016725,1.833731806125221,0
5.136081001241389,2.77695759000768,5.67971031785263,6
3.5887811774217133,1.8257515639702189,-6.188801927678709,3
-2.423356322487012,-8.58898496157737,4.196951562538754,9
4.458261061644489,2.0895800712668997,-5.82005130605554,5
0.24648410894341666,9.613665015155945,-3.226991486785765,2
-3.9535218292064083,8.992949316343516,3.7459188051456414,1
2.992284309565603,1.916322709884188,-5.389090544253139,3
-5.319401627308254,6.937581179373926,0.5055457604760896,1
3.535200282619413,1.1450370354750374,-5.595955228716525,3
4.7421315572736695,1.467458021388647,6.940853468702253,6
3.429105795912878,0.3002178975079912,-4.758913845438382,5
-5.980806352749351,-2.407019890752663,-1.1371544445558042,7
-6.27980404624176,-1.899257018420132,-0.11439585504543726,4
1.0685964088302642,8.688298415285132,-2.7134299869272493,2
-0.35411756531737076,8.746723286601753,-3.392723018584312,2
5.7978144278488735,-1.0124389858317655,9.956696586669787,6
2.316673806754081,0.5172031966530719,-3.485212136471322,3
-0.284269746627017,8.184853828590557,-3.236795259083654,2
6.849723613697268,0.009200275085097853,7.675541880029214,6
3.17740657628736,-0.1513613679471718,-4.231572240136584,5
-3.8534739095530033,-6.918327749550792,2.250117998941446,4
-1.2455912699511447,0.970007650914049,-2.395934433194529,8
-2.7007415932595746,-7.019899783456144,1.7309890899430256,9
-7.640573291302716,-5.201850002906541,-0.8295755198659809,7
-5.171125258332997,7.398428086315187,0.5109100536048657,1
5.161160547901982,0.7518473583709575,-6.752265194504168,3
14.128632139597231,0.8288285054163438,0.4680317147948878,0
3.9498271229903694,1.0128007541218227,-6.552517474712868,3
4.85867198314631,0.671615514727702,-6.58307702992458,8
5.034246993264087,-0.6097189509784144,-5.660051484263421,3
-5.400534393205043,7.022823429792568,5.680770952659727,1
-3.2892442654849723,-7.020534070597853,3.1715518077744793,9
4.903142771834347,1.541516000803958,-6.169007397831416,3
-5.282365993214653,-4.141337077361008,2.689196134636192,4
-3.7438290076555805,-10.073197585387122,3.603391797816351,4
5.381012974224559,0.18611799810743557,7.679122399685499,6
-3.179046808993945,-8.554610346454941,4.184365792719517,4
-4.3432012201828805,8.245876936908248,4.682682389466074,2
-3.6805280144190085,5.497573777846313,3.5682944996997854,1
-0.8643616899412465,1.2727340030508345,-2.936330641183383,8
-1.1147884244756707,8.69444084165137,-3.0536857872647283,2
2.872785192127262,0.6079762022628009,-4.722021328276571,5
-3.386349642277721,-8.157389101243027,3.5392327842634685,4
-4.896613598692274,7.133344400347877,2.9339851156793015,8
-3.8095661868207236,-6.574295723666196,1.99519896543389,8
-3.0901304590285315,-8.35008305624315,3.9254377647174863,4
11.583679370438725,0.9903283949323186,1.9424970281115985,0
12.259705596028903,1.0321891325177885,1.1955692828090247,0
-1.242037237004586,8.599999435071066,-2.674380983839428,2
3.933230572316697,1.4382596591250234,-5.778034845744722,3
0.759720719312512,9.094058791249346,-3.4044150199569607,2
-5.947221573207294,-3.476069634561811,-0.36373654342633166,7
-5.363516809440923,7.607775571106682,4.83799144625168,7
9.783838936062338,1.0662433384509193,1.7158310454261072,0
2.1854718561634936,0.8637302527989267,-4.638651877287936,8
-6.775884107720439,-3.664780567702232,-1.0306980441323654,7
-5.557566398537368,-5.611296232000122,1.8782872966657993,4
-2.81110743602575,-8.756305339474842,4.027900526666244,4
-6.9744962482062585,-5.131940291662219,-0.3950202463736557,7
-3.8217884415154675,-6.428135071964357,2.1891378005988926,9
5.564288268195346,-0.9356678270941823,8.722137767654626,6
-5.584556084095746,-4.565233410705046,0.8054736808850245,9
10.759814978569935,-0.3622649947255241,1.8680647162026591,0
-4.551981258566699,-8.064752306636093,2.417201662405155,9
0.600624598176373,0.46639391658019336,-4.20991533051091,8
10.083718052745494,1.7031863163973089,2.324021886688514,0
-4.280885954006511,-5.903494519720176,1.1063378438837532,4
4.849051632489226,1.9594653139586777,6.927998512001338,6
11.536216804477194,0.7173235027794618,1.408073623210309,0
4.462908587322781,1.3755189386839544,7.393116164577923,6
4.308450074397542,0.2214754650188533,-5.986217561896954,3
3.5465833433226797,0.3448591967926815,-4.579142756897126,5
-4.432343269457785,-6.4660357284502155,3.218562539230911,4
-0.562975756993727,0.8598546789944327,-4.044085068728589,8
7.164715443106518,1.8640185063779233,-6.116151739400066,3
4.744561806436547,2.203186936320182,-6.1023117159580265,3
-4.533895687323206,-7.611677657315728,0.35856467769868283,9
3.40015437103562,1.8969645157712982,-5.549587971289975,3
1.5772427912395455,0.5830651146920807,-5.785422823652048,3
-1.6218905647974597,0.951789331723896,-2.462681497213304,3
-6.801438956794669,-2.475112898659966,-0.7168979807692896,7
0.21863171511834056,0.8325809001363897,-3.4948034191340196,8
11.693821018569441,0.2947400288608265,1.7313258154361533,0
1.6172743115846,1.0061909730762904,-4.8048817401795905,8
-0.15022374989465612,9.011588009478348,-3.522559877775289,2
-5.414869839245597,6.798738354476953,6.238271137165782,1
-6.610917981708175,-5.889237986361301,-2.116696347823794,7
12.248721625572799,0.7715202846424798,1.1357199745415605,0
5.993139443375879,-0.060152000583037546,9.198067865208532,6
5.096646492387876,-0.4328786039193139,-5.588174991039827,5
-3.6036666310283367,-9.964103891366882,2.3897304619363617,4
4.765908358116045,0.5766742191682868,-5.976737409913704,3
4.942189121994201,0.9178695295500985,-5.189319078041864,8
11.58251498161134,0.8750087779296088,1.3404277104422608,0
-6.1589708820241,-3.7091464650550487,0.7231281618176392,9
6.4680682244434795,1.3788882490625474,6.388228035508282,6
4.5234172616008,1.3474632818392824,-5.188395983931554,3
0.5017295360866943,0.259905756330006,-4.391781967023566,8
5.086986259936474,-0.2469956778641187,8.637202380271043,0
-3.097700061037478,-6.9551948519630065,0.6061587205388992,9
-3.9999393337582756,-8.84393272896351,3.2171194854967524,9
5.501863666635196,-0.5622000210666367,8.204044180016322,6
-1.6971415867397028,1.3794410052255772,-2.7128844353826564,8
5.2808091737276435,-0.981105548949434,9.779231192209675,6
0.6286389005707318,0.1298699433447782,-4.152366818376646,8
3.794117004751196,-0.13554798667248424,-4.465789265873714,5
-6.805545006279781,-3.9764685659351087,-2.884425500379698,7
3.8097962129390956,1.5007226782592877,-5.264892494663387,8
6.920763092105323,1.635094376156104,7.0985327722126135,6
11.385676259698648,0.38382783815864596,2.852787122890768,0
-0.7016899305725429,7.331563332371097,-3.529200287003029,2
-3.3978908040442306,5.913079978678774,3.4122691512533887,4
11.351721105288531,0.885083736399502,2.0778930929007977,0
-0.320534575282326,8.489067963511722,-3.416881627890145,2
-4.824486223252465,6.38329380150593,0.25724936054427355,2
2.9761202976445693,1.6424906970683832,-5.304846348113042,3
-4.449976742933282,6.783368111373485,-0.11593421122806546,1
-3.893448940904008,-8.348657801253514,3.0168135972193455,9
-6.101650573599331,-3.9766920740983145,-0.3258644162011516,7
3.622445116163595,0.2609120150216904,-4.836800231484908,5
-4.855439165707619,7.388104659246184,5.579449231085411,1
11.769780024161163,0.47808065730254135,1.7587980370390843,0
0.49159287553782405,0.16594651012555306,-4.075895284498773,8
-3.262655820417236,-6.835866001355451,2.865329187894403,4
5.250686595879259,-0.36343776364979163,6.860542846776622,6
-1.3165638670443331,8.655193863292801,-3.336176242734957,2
5.733323151654492,-0.4801512900497101,7.736561888022132,6
-8.129819159124766,-2.547779582541034,-0.7752168761714997,7
-2.917921328010551,-7.160971057183663,2.9703142727431633,9
-3.6745841474833827,-8.036184201637425,3.403441663183929,3
-0.04344387372012348,8.63041586409205,-3.0179819785815734,2
-2.284698344037498,-8.39973521923501,4.055450833457812,9
0.7852380493890723,0.18480019525752572,-4.267077044902954,8
0.5219311072748758,9.18658189896558,-4.033813492028905,2
-0.5104152571362813,8.477481883068108,-2.5910891150704844,2
-1.8026413870548983,-8.28425727435542,4.046966430851743,9
-1.60297196562004,8.572059269392684,-3.05323837365429,2
-7.474209243851343,-5.087900416752614,-1.01491380044381,7
4.649062769588102,-0.37660947992760363,-6.233372928581001,3
-2.42584955518,1.5499249184413806,1.2243282031875071,5
-5.391455980880457,-5.185802355128514,0.8036381412429332,9
-4.054915847080476,7.567703059011831,5.05184992743108,1
1.8441425275425902,0.423139124621403,-4.930360610415233,8
4.2204574502292,1.0748467690936596,10.192741080026396,0
-1.416304212487404,8.77810087167358,-3.0281889504374466,2
11.112394848543936,0.9947043745586792,2.1974874149658286,0
2.6067568836723938,0.024595981461806637,-5.591265730474505,5
-5.188269639285601,7.758826314952605,4.829278363244328,2
-5.648809475078552,8.257779186364282,5.229772728360997,1
4.415255963990703,0.5240238671403046,-7.456771056077375,3
-6.7633820542971845,-3.3699512473628426,0.6131613286545925,7
5.0607612698369495,1.4600444321452062,7.678087859667608,6
-6.970544963851064,-4.71613577551778,-0.7104162956252285,7
-4.697873536037781,7.309692389764985,4.988456355824598,1
-5.357107811682494,6.993818260494841,4.642067206180556,2
12.138174259948181,0.4953806614323408,1.4689497137429732,5
2.0021881020171746,0.13677515902586113,-4.9043195292457735,8
12.051614732047625,0.5979157894161787,1.8453462013398472,0
4.361186691793225,1.544027681609876,-7.020690963981303,3
-5.962032960909592,-6.297346508650675,1.6832344291547936,7
-6.116186980868008,-4.46806054668484,-0.2909328327529512,2
-5.007269340015566,-6.901927601985162,1.7699123710871856,4
9.488224798678946,0.08213252402085258,2.2372379718839683,0
-4.016325327092659,-6.254047075773665,5.863015153600324,9
-5.0099515153558505,7.4263424010412775,4.448624818747551,1
-0.9183489514687415,0.879479352978474,-1.887905463116754,8
5.613097212172404,0.3745021206943011,8.860507506009734,6
-5.576578739153755,-3.9501033994096924,-0.7791389041887085,7
-5.474537842056758,7.266279286943365,3.4111524336073975,7
-3.0511095251315252,-8.030272239871275,2.74709869134727,4
3.36157172418715,1.1263461496790645,-5.816312961773591,3
-7.479825177929021,-1.8560082921419057,-0.5319189836810693,4
-3.241033689983686,-8.41308029526287,3.720859980240926,9
-4.804564608838872,7.841047894732557,3.2080293353023297,1
-6.069394425394871,-2.279092638529828,-0.7440415927903824,9
4.228461637541035,1.3126308677038188,-6.01668266403942,5
-5.188146223337685,7.5255860163155015,4.699561925184801,1
-6.11989425418203,-2.742655824207857,-0.8800159826522301,7
4.958073321801,0.9104163433334913,-5.887953655769611,3
-4.306277642260178,-10.617539542273569,3.4940725367851333,9
-6.090338194001138,-1.5899410715738513,-0.8006878056880906,7
5.156290922131417,-0.16881615542868134,8.462721761114075,6
-3.60736729495125,-8.55630194335958,2.710388051626686,9
-5.057159939226859,7.678530951484669,5.682116844354601,1
2.8733796579208106,0.08819630386636512,-5.094730805555427,3
-0.5357222189817904,8.631714567666483,-4.024252360672105,7
-1.8465129266569522,2.1786675392946178,-2.825410119435514,8
4.049814366558161,1.5873736852632245,-5.496652103436008,3
3.639384054929604,0.6044650019387054,-5.455574861539042,3
5.265422893879892,1.723240381620938,7.647297134960516,6
-5.561607356420595,-5.537289096188489,1.166921738935847,7
-0.4291208507264451,8.80317493060325,-3.6180539694511684,2
-3.2391074858774243,-7.598694308660276,3.414739974407909,8
-2.1122158885465883,1.6414168529952142,0.9416650422992627,5
1.6723068038744229,0.8128987088622055,-2.330318742842177,8
-1.9502898312169947,1.6959093103206326,0.7351352193797474,5
-5.055735646782195,5.688039417909758,3.3105822868185935,1
-5.0639376164491,7.728694012671129,5.2790326217640064,1
-3.8359583690987296,-8.265710191817135,2.482250658021888,4
-3.1603172161155415,-7.750728903958363,3.6702466738872532,4
4.083755161242696,1.1734588396267496,-5.4722310599297925,3
-3.7517452645244926,7.932382272749406,4.919148356674218,1
11.952507383650556,0.7985921788097465,1.992062691737263,0
-7.153651605778935,-3.2758912757344048,-0.3086113766830124,7
-6.945774402736439,-4.384014895164847,-0.19637355649463534,7
11.11825580514999,0.43304613738842546,2.645388697279082,0
-6.747374475676167,-4.861036499736519,1.0715207844765964,7
-3.832989780986772,-7.063860908943631,3.1146487811378822,9
-4.63279738996574,-5.284513947488994,1.4864818377862317,4
-3.3565718191506613,-7.937923392930665,3.4123940000565143,4
-0.3571089453878077,-0.4105037127581468,-3.1991066527752166,8
1.9258894029040532,0.33087684526097044,-3.3975172379506198,5
4.143802322580233,0.8851034210984199,-5.30127819348666,5
-3.102634737384374,-10.185254990457654,2.35390761012451,4
12.118887054394968,0.11926200336794734,1.4407291314220811,0
4.254429053393114,0.7582140765278155,-5.6063723783419634,8
-0.9299340830100914,8.954383451033015,-3.5098104707319013,2
-4.912963227438177,7.136941827342224,3.5116997640510004,1
5.803565719817146,-0.8872255929312628,8.460247791952222,0
0.5989393149855601,0.02044263503891508,-4.217390158017414,8
-2.652931118618684,-8.950492584981497,4.44150636466179,4
4.66083363027856,0.6202528179401884,-6.43128122558765,5
12.161515480489614,0.772743983633922,2.223183458989678,0
-2.7202001752801297,-8.022454555175692,2.695938380370115,4
9.974712994002507,0.9554257873650652,1.993590502664523,0
5.24910086012647,-1.0397357705997217,5.910643400105037,6
-4.962056072138219,7.138640577759624,3.4592797235117385,1
3.848353775019308,0.856103674740397,-5.8318751557283095,7
2.5760154708529965,0.8439857080670291,-6.293840636191202,3
-0.5699488802031161,7.340897907812975,-5.03768529645815,2
4.836752165791497,1.0826605828288023,7.189822066771727,6
-6.909636270240405,-5.30440563429113,-0.448617758326277,7
-0.28549013612534113,8.497646983494967,-3.7445215848200197,2
6.695914666913147,-0.3733169370671927,10.07452085221365,6
-4.759225715652693,-8.11202500567233,1.2426795259640446,9
2.4730499701206776,0.6245014346991871,-6.05734356041673,3
-4.469597639068288,7.050259472569479,4.71388669641968,1
-3.557519376391857,-8.725934373500353,3.757675143007907,4
5.388342099413505,-0.4172966908148146,9.039183758392587,6
-0.9797200943270905,8.160737141492417,-3.7638807809005996,2
9.841322418752917,2.025314003336606,1.2963786891750622,5
-4.061363835196794,-6.794295427524056,3.400182312325681,4
-1.1119016823227799,9.153018196804489,-2.4127383852001802,2
12.300556315822543,0.7409827676724907,1.957105103810103,0
3.3210679715130618,1.8260693336080647,9.470215535627004,6
0.022754528955943154,9.382359812683687,-3.7910295481272875,2
-4.801395854974925,6.951886542579505,1.0637418257688207,1
-7.647894513203985,-3.5953520105715056,-1.110241383388577,7
3.73157577268807,0.12803619474573036,-5.304963931236864,3
-3.5547648793962607,-7.100515533646785,2.080142750154398,4
-4.727796213367455,6.710275187039101,3.0898059174499695,1
11.59133935333974,1.3958449442162437,1.050007106192516,0
4.3906948362787785,-0.6761461926833803,-6.006179800920723,5
-4.106003235029095,-5.683706656398494,2.349070591715586,4
3.5580272695908777,0.7760893319783803,-5.65901569638276,3
-5.144425183151166,6.827454384237476,3.368270640724064,1
-3.768887512907159,8.6978912382338,5.536390382138143,1
-6.9637521133939595,-3.1930843413525465,-1.6883121214716352,7
-4.855026145283598,-6.07496943780161,3.3587638171483967,4
-4.292692242808422,-4.2067562987032385,1.806102980317538,9
-5.384810020808125,-4.044009165291586,-0.043411216916365125,9
-5.591220327974193,-3.451261410200012,-0.1646933532511441,4
0.06804556687363206,0.21490376560264018,-3.7030203464914044,8
-1.8310335122576311,-8.690152993413202,3.62982597549031,4
14.034168403929872,1.6517313121122608,2.7780019252663575,0
-0.3313128797733927,8.442780272226843,-3.2790871902090872,2
-4.960203119698828,-7.768483976580001,2.045443312210026,4
2.9811005475822565,0.768281174479705,-5.010761826587177,5
-4.616068703894358,7.404457059356227,1.257565849283882,1
-4.898299061108527,7.40620071431213,4.047675790623368,1
5.10735046937027,-0.009513450783253052,7.615971326749186,6
-3.722780181268153,-7.486271147298476,2.9236421092132585,4
-6.615240210852784,-5.135291559948423,-0.4302861249548785,7
-6.040520861607793,7.306875242438223,4.659016711146219,1
-3.32182879312188,-6.603694203841295,1.9330585950231813,9
-2.8036529701669117,-5.223862182613782,2.9149714153195503,4
-1.1626699765915016,8.668156471175154,-2.4310760394587385,2
-3.443241412567578,-9.255205161621321,3.1461805570510992,4
-4.860714602724737,6.572458249639568,5.5436978737555656,1
3.618085109606753,0.6091072880161078,-4.197472755259846,5
-1.8321551074908982,1.9516577578503074,1.1933443062606035,5
4.72415349492049,0.6877439199957666,-5.916695969287655,3
3.995772219220301,-0.285739772717412,-6.522044728866099,8
4.812257987255428,1.0963212947784826,-5.9300472508069655,3
-4.945012793548704,7.572542363992374,5.270191788103626,1
-2.8231076898483867,-8.155643571279443,3.954829454540289,4
4.764940572063644,1.1247679566699342,-5.383584853056334,5
5.7114458285719465,0.04635456284350875,7.972429293977324,6
1.1558999503068068,-0.8432240680015499,-4.714789412505324,8
-3.9294432700396578,-5.873165161982793,0.851474910604354,9
-3.518906102095341,-7.697346573078256,3.343749392753692,4
-4.789760725159969,7.094459583769114,3.4982776800627153,1
-3.3150213950301652,-8.822963786631291,2.876136585378724,5
4.032341673524956,0.8220559874087183,-6.13307699162119,3
1.7838639065693462,0.41742768096771143,-6.064503563419667,8
11.146592422264797,0.9352681422192377,1.953451002150604,0
4.534322350479128,1.7997290235166068,-6.20980945369775,3
0.43230104587408924,8.756685766032026,-4.347051684721775,2
-2.2824063934910335,1.638113123148684,0.7469584491014631,5
-6.2775635708706625,7.035331308856318,6.683683085875864,1
-1.0270191594368634,8.532845789344572,-3.4426080300638815,2
5.161315437065882,1.7869583813487921,-5.897129212543389,8
4.238900208773338,0.8367817045703716,-6.351978476711085,3
-3.3779604965976002,-7.98303003862316,3.3918834581630737,4
-3.501988548422359,-8.784524612075316,3.666059028229389,4
12.701139848517965,0.8790415159979111,1.8754783758056295,0
0.6572844596691941,0.1345333162568526,-4.182175034024563,8
1.8858117199520725,0.24931927021800038,-4.766616182562493,8
4.6731717293844826,1.0647128969329092,-5.880725080809627,3
4.211570879638013,1.0564853238681235,-6.912013767867956,3
-5.413643759266169,9.016037340905992,4.457546829789527,1
-6.9620638146186105,-4.1609281687162225,-0.9481474183105827,7
5.546099348254364,0.44271586615997693,-6.370107346850475,3
3.4464430467574214,0.9193508075212798,-5.11935934030184,5
-4.867613142011168,-5.407745052205966,0.5448365508784316,9
4.573573520782176,-1.2912027982828531,6.858681349987797,6
3.9582052174970808,1.6724320014204834,-6.076904011783593,3
-0.5773105077331582,8.212172963202455,-4.339241171034048,2
6.290591529377174,-0.8504383146943802,8.90595945490107,6
-4.834868354835706,7.036467121631758,5.06344690107122,1
5.2035653822899155,1.2631537332741478,-6.564903637530377,3
6.936164985770477,1.188047979752155,8.937448880710907,6
12.284502446839754,0.3201104365454661,1.8625690155682721,0
-7.323771997208779,-4.224745573335931,-0.9299237402135523,7
0.267142292574003,8.628519353453898,-3.312412076007603,2
-5.533203912839592,7.964606470674456,2.853024085208569,1
-6.8798289059508075,-5.556220391874952,-1.0763730366362585,7
-5.252680377315858,8.162747295022966,4.961214946319488,1
-6.076313433646587,-3.2421117786101785,-0.43146735414074044,4
-1.0832786487591126,8.826583242015968,-3.4908862675283663,2
-5.28002433624326,-2.360776031110501,-0.5299496137107903,4
-0.0041004329521483925,8.712248684628047,-3.9631401757972053,2
-5.145391646644649,6.771026956234933,4.456995647465894,1
-6.847548215066466,-5.489191043187318,-0.8068676342860999,7
-4.632581365004063,-5.908127505218889,1.3088553041352196,9
5.021251884173022,1.6014003000027635,7.925867258398945,6
-5.064572750602254,6.797638687772203,1.807642075643947,1
-4.569146045751876,6.704973486903693,1.7162965509009191,1
-1.0252900205713829,8.040159423392481,-3.214989544013308,2
-3.491378552711837,-8.021816910176026,3.8539758808037483,4
3.647284057193985,1.335506166902615,-5.003822386447409,8
-4.781076697323341,6.885024453660399,1.424160718321824,1
-6.795608373597205,-4.628174174859623,-0.6151547503883801,7
-5.980501911149216,-3.9267178002237846,0.15773603062322872,7
-2.9489439100981425,-9.478995718792293,4.165711364118135,4
4.041806074473088,0.6902259537012908,-5.5689299707214674,8
11.964028859050604,0.7772896640581172,1.6987080004966488,0
-6.334327405852136,-2.753706533615458,-0.9681955115331444,7
3.8428373143862147,1.1367513405730627,-5.439443527833628,3
-2.4760525704490406,7.120004029184614,1.913833998453353,1
4.551736279048899,0.9912449239453296,-6.341388333679522,3
-4.391296220640015,7.549954553307832,3.6932479561863625,1
10.952518520266407,1.1687147629679688,1.9100965378972818,0
-7.141995372580907,-4.880192345579428,-1.0185890803223667,7
-7.152319197858915,-2.985369286235805,-0.9379670102555316,7
9.889175854154354,0.16590839187753548,2.9475905537897473,0
3.7868383006721515,0.9120686787424531,-6.534439202324439,3
-2.680984329508382,1.4115635696198263,1.0450935193055295,5
3.6529214797898497,1.7373653513577072,-5.291409560755331,5
-2.622382565725287,9.181283987402823,-3.73548487895279,2
-6.102583005786387,-5.558312794582164,-0.39173430779279184,7
6.4494555483289835,0.4676430952130265,7.696868846742526,6
5.349302855064752,0.6668018023306967,9.903853103731754,6
-3.4552912677783976,-9.306461896907363,3.673770061177702,9
-0.1615141680209346,9.253898204545052,-4.213702564571861,2
0.8375013170824458,-0.480298365429572,-4.847519034830664,8
4.314495267456736,1.319093609166988,-5.198532517965701,3
3.0770843849429945,0.12423636109256239,-4.5487083242910265,5
-2.017027980125385,7.841797739007289,-3.567736442407261,2
0.235233768947416,9.894885628937967,-4.274442400468679,2
3.229472209544477,-0.1469691410230145,-4.321561730557521,5
4.567214259317392,1.312943355271778,6.702665789956585,6
12.276414042382441,0.3931078417888145,1.9486447950212025,0
1.7112168967183852,-1.3827859138216614,-4.3890655946830295,8
-0.6117843688181845,8.613432021098376,-3.4742284273793134,2
-6.641765594994207,-2.7744316392109236,-0.016738267450142064,9
0.8800879093550539,8.299229783799488,-2.4411797147056555,2
4.5778964525913945,0.8843932601393455,-6.0970936964736655,8
-0.9320282830463971,8.304120877198184,-3.5949895320445378,8
1.865194082457229,0.17129337971540887,-5.229670249785871,8
0.7304382956619484,0.23077252422345274,-4.670236645129184,8
-6.208201179568998,-2.6955267345965135,-0.9089775308205151,7
-3.828239301151943,-8.139483130045225,3.3009471470023937,4
-5.196271543174773,-4.993642609517161,1.012961601473859,9
4.213119040769678,1.5202403032108918,-6.413044990113276,3
11.768627145496586,0.4415350457735261,1.6793702230965457,0
5.391980775367815,1.0132246320687752,8.27527716548643,6
5.653591841313038,-0.37750258307313045,8.248855100996423,6
3.728569833462391,0.7684281680863341,-5.919460559760507,3
0.07372713926790286,10.009928822786588,-3.7971305940576086,2
-5.908041453951023,8.88633399876707,4.703611165200527,1
5.536646358129904,1.6934225746464904,-5.5210881000788055,3
-1.32243698114043,7.990523150193305,-3.0797132334909523,2
-0.73625668464912,7.709771577781888,-4.127646045340878,2
-2.86300066933551,-8.369801324875269,2.798444920312996,9
4.53640477359434,0.7558144875234071,-6.727522138835554,3
10.501468031235094,1.0905556050283103,1.825733624539942,0
11.146299639423912,0.9211246140035141,1.949783934648158,0
3.611976763776091,-0.34036917007908085,-4.271264644598113,5
-6.133236520064738,-3.9783871341342065,-0.7056634607899825,7
3.487716070496235,-0.12710670199804208,-5.848970836728173,8
-4.946002413838262,7.965768185742087,4.4892119555208305,1
-3.1450069769083946,-8.018484856749323,4.206633224516313,4
-4.426023594196962,-7.136327341123278,2.3813754663738758,4
5.069627184334564,0.9141393988175912,8.502932814662023,6
12.906421880308546,0.04496068720096835,0.8411207783515098,0
0.3329577831069659,9.645467922920828,-3.3748017510388566,2
-4.275882670545675,-7.355605205028109,2.5381354173125734,9
-3.970677247306271,6.828119131448841,1.2549849740508408,1
-4.875832043818594,-5.34256340570029,0.7253006708197014,4
-7.006543935809625,-5.050003667915751,-0.4897060371527297,7
-3.607518894156916,-8.029281559631817,2.5733966754697732,4
-6.9805947738333325,-4.04605685697836,-0.2710329903986053,7
4.2289947744081875,0.9880844398838261,-5.828980110683729,3
-2.890334654909683,-7.1505065064271225,2.7939726789974197,9
-0.05640720571004754,0.7981083306405754,-3.68655346187205,8
3.647147971868065,-0.23656663608149653,-4.850296661479705,8
-2.5581223590272666,-9.009811993223185,4.015997508704808,4
-7.672326221779215,-5.2992438844314576,-1.2460281970497942,7
-5.2743475478669515,7.7497840753878915,5.093848129469003,1
-1.4133960390024334,8.461832157447999,-2.902115567800746,2
-5.5915004377830035,7.694745882324233,3.771293560720042,1
-0.477924099618235,8.176066224351464,-3.0211885114078285,2
-1.143088144483404,8.722671612472116,-3.499464547076268,2
4.755814978334435,0.1031324175833721,-6.060254468344661,3
-5.923018850130036,-2.7882911443918745,-0.6502619086005386,2
3.966644178005406,0.4106864131739667,-6.593729564290465,3
-0.15449318494243935,9.046083686307687,-3.2519958958970063,2
5.022838933062575,0.9001058128400081,-6.2170184120274286,3
-4.404548414893412,-9.36958993156162,4.215219753856371,9
-4.622377592376992,6.842716424947225,3.5835579597190033,1
-6.416367248999682,-3.421540034456118,-0.4847482052876015,7
-4.219353736405954,-7.114400033308562,2.4722252046651123,4
12.265792658996153,0.7326908023923132,1.483894853351919,0
4.840055352405764,0.8210231694439311,-5.531124448616484,3
3.8499432666855826,0.24956385312591,-5.412023095573624,5
-1.8594705524377115,-0.35977541841877403,2.1077217939742265,5
1.8704134786022475,-0.031075399544935267,-5.258548002409,8
5.252212588650596,-0.2103126038452532,9.237359267325315,6
4.133819460319692,0.8613899295044254,-5.616097711010129,3
-6.333752868079186,-2.3508538890988016,-0.6903600490457371,2
6.221317106872432,0.8370946790020252,7.874357120199685,6
-7.027874593881167,-5.503905268322945,-0.23254774896772779,7
5.748783479965657,0.18481552162965362,8.449981906666768,6
5.560546600845693,1.3628655613890706,6.218425053709441,6
2.2063591437291414,0.2420784289215834,-4.170203617792378,3
-0.5276643726429994,9.03459881703182,-4.690731000710564,2
-6.969368538375072,-5.045095127914095,-0.5626321784592507,7
-3.883367640694035,-7.72945505340518,2.8007432128902097,8
-3.629808883815274,8.15895306627028,5.240441345153606,1
-5.148914373256875,7.806752270586414,4.748473566940302,1
-6.074470983233561,-1.8045652936950352,-0.9535487755453242,7
-4.242400873510793,-7.882387278199959,2.591953836484468,5
5.338320175138437,-0.5272419211224574,7.888535742602299,6
-4.91115320495286,-4.919427379080168,2.0797565514757244,4
-4.457247119767275,-8.499957036303714,4.540813528135104,9
2.8866280103176205,0.9519862859691098,-3.626580154254039,5
-4.716099270270682,8.142044178045035,5.402349230630731,1
4.354507249813594,1.0845552186219547,-5.907876313532157,3
4.5262002872346505,1.763452174908076,-6.357997617382809,3
-3.488738255632997,-8.556626228939226,2.6170707781440985,4
-5.7804165024848375,-3.243997203781828,0.4191640625366168,7
-0.17080446386014353,-0.3691647426563198,-4.704524925837456,8
-4.445376292896019,-5.935009909702515,1.0290033072682334,9
-4.65176952506884,6.803016365563102,3.8780306215908595,1
-5.206227076207971,7.046065432689677,1.2430189053393146,1
10.37654138952806,1.5522262453335771,2.1511595328183195,6
-5.322357169086715,-4.3774526468305535,-0.9356663486324313,9
-4.821599618479814,6.843913439125339,0.9304082209524887,1
-3.5463865390772344,-6.80285594476825,3.1955995362152514,4
-3.4915390291784054,-8.138792331948512,2.830000737340357,4
3.4289172533600825,0.28479629677667906,-4.386617914545816,5
-3.7050934924607346,-9.652415279163659,2.0281375447907433,4
11.821144691118477,0.4405143567292821,1.752027639002976,0
5.708623524633739,-0.9531489132771185,9.23432419076621,6
-0.7907667292347591,8.225460960457793,-3.3789910949777227,2
4.121208691595395,1.613612940111775,-5.971514860129918,2
4.308229817759434,0.7165015625812374,-4.719057659992377,3
-4.762151820477173,6.97285530338942,1.5333676630824675,1
2.7529497191962724,0.5424960348010361,-4.388213387520513,5
-3.928050628597458,9.63386816232662,5.7397198052014815,1
0.39721326603641094,8.729235135501233,-4.619614787086139,2
10.765083347668988,-0.7905053408061011,2.6395649154785183,0
0.6479611001871856,0.45053934471755275,-4.265797547454173,3
-2.0084724322895458,1.7062095004763527,-3.001102123023706,8
-4.625482898220417,7.776039746133808,5.452169902901473,1
-0.8183637107564322,8.709412944885196,-3.3265612724700344,2
4.306590176028064,2.076954766827393,7.317379388516642,6
-5.86216500669139,-4.741615541283774,-0.5926936620230246,7
-6.176460484584169,6.168587944139271,4.427048397799667,1
5.885557563186168,0.3116812720923768,7.816648516884556,6
0.008385725217551376,8.83687549141392,-3.456510646937754,2
1.012092601385703,0.4984239413146393,-4.510808593170079,3
-4.586803381500179,-8.16894552819498,2.831474787461542,9
10.551416259991225,0.8217537291257435,2.025167800431783,0
-4.762930318858214,6.5569902725123415,5.389156848892714,1
0.49824258449610426,9.253148580873187,-3.4186519753962985,2
-0.8084712614287788,7.449840846910178,-3.1775556095062436,2
11.571584430099676,0.9152469275714129,1.888977932279114,0
0.6367522416769009,-0.38173612749029495,-3.7199383155919534,8
-2.3050598742195634,-7.442314748353872,2.7128210284181993,9
-6.03358467559916,-2.919290565328455,-0.35034025750193565,9
11.151256977469899,0.3257605390347572,3.1447460014012876,0
-1.295715677829351,8.991047146734322,-0.5972714124868657,2
4.235043659302345,0.568654539217256,-5.541799895939595,5
-5.414080832108055,7.4971425680524675,7.662603437691743,1
-6.519005818919283,-7.142217930966621,2.945018076043148,9
-5.473314493315858,-5.150822524066183,-1.584994259929876,7
0.29035078019144445,-0.008487801122346594,-3.943256570808962,8
-4.444119430631519,9.49555830897567,7.299121638390094,1
12.413911100250404,0.4992203011523222,1.7032970571305532,0
-2.0057208183945265,-7.1790250011934695,2.547344412306879,4
-4.8853555636355255,6.869817396381301,5.633208908290873,1
-5.787948524291297,-4.693830373163245,-0.18790704011566772,7
-3.1158259696885127,-7.52752297903082,1.4018523737268955,9
5.464775234993632,-0.6164889032311521,9.187000642882499,6
-5.6545893915834045,-4.491096268545748,0.0871291686634279,4
-0.018698989441225486,8.941996278563112,-2.720939914590697,2
5.787217894858968,-0.8288621653013237,9.055817756537436,6
1.413336771564671,0.04575487437361159,-4.2317881810836315,8
-4.54317644304054,7.091162420606157,0.7866533052549456,1
3.6276693601704455,0.6561704399742945,-5.755653052764503,3
-5.721519772995007,-2.634811310518678,-0.8459192651459881,7
3.470135050096915,0.23907739144023593,-4.771626854194524,5
-3.5481939473510686,-8.560419304372372,3.8064805003900237,4
-5.174289910522924,-3.019936366788438,-0.5043231315009085,4
-4.939709105572636,7.081076863975873,2.2569689005293765,1
0.8670698143154838,0.41388764781211207,-5.818007236079332,8
-4.2131036011401,6.545700829098885,2.995361276644929,1
4.649016515837653,0.8514768204243519,-6.454502261150497,3
-0.08743178376868765,0.6842077491186809,-3.672483431387818,8
-5.538911750663838,9.88809580746578,3.442716242273689,1
-3.3871330642826867,6.6200162992991185,3.273577736076992,2
3.8184037360561724,-0.15590375475543716,-4.817718563854775,5
0.06933491217042242,1.3926133567106902,-3.477664035223659,8
11.028052129962948,0.7303483402193383,1.916620733585319,0
5.259318701716479,0.009253003075620714,8.297561964571218,6
-1.1209529697503353,8.524231388313083,-3.332880004197483,2
-4.089774739145222,8.171514836199485,4.0968024438166335,1
-5.104608596227683,7.388324919427126,4.922870832757059,1
-5.047587076523113,7.234576273285978,5.423321511374087,7
-5.003781702127037,7.38309551219716,6.359044120412179,1
3.696289115790647,-0.26699569202516127,-4.577850537200591,5
4.28848848967033,0.8236491380316147,-6.050859440621583,3
-3.8936477999575443,-9.103095239277263,2.3641956146093364,4
5.574070447353535,0.25000291949069114,7.960154623294294,6
-5.515837406841564,-7.743932521126969,1.5873122452422739,9
3.9394720440205324,0.40701884102589625,-4.569553532785534,5
12.304023457657612,0.7557625764560022,1.847854547047286,0
-3.445840859460872,-8.959885114297917,2.896685933326789,9
-0.2520608422397293,8.912052176927226,-3.497101093998304,2
0.5355529532295583,9.028224192842632,-4.153260796595274,2
-3.356125364155948,-8.994278182161535,3.5912868993128146,4
0.8986443137589744,0.05969106573165037,-4.019725644568952,8
0.482193331251058,9.217478401444948,-3.232012488772419,2
-5.041981295628756,7.096721988782511,4.135588437596491,1
-6.566602735077427,-3.9592093358549727,-0.6551088402957131,7
-1.8731357784666338,8.358584708805067,-3.5680321947179845,2
-4.232298033371343,-5.029464956750939,-0.6424697264924304,4
-5.4444912818728195,-4.087963519462196,0.25689799476337116,9
-3.2078180717214932,-7.913058269311699,2.8002034944886263,4
-3.1773817675400133,-8.839496443163618,3.7213720105288948,4
12.713816710545045,1.2647583836556677,2.283184649639369,0
-5.577512306618639,-5.569963463993254,1.2174007521986567,3
-5.24392498800378,-1.6830364197007333,-0.23200887436529277,9
-0.7539109337384035,7.494906616369258,-2.9255057109690084,2
-1.378195124036843,7.809574173298325,-2.4312777930282166,2
3.238138269894533,0.9055588559152492,-5.749708966805815,3
3.8029402953978724,1.7870729516775976,-5.701494274692727,3
-4.970191767227746,-4.480212011435925,1.3739294733036722,8
4.607634479504232,0.42515556812417166,-6.030337091289901,3
4.612018680562656,0.3175982056707378,-5.528724578438091,5
-6.250477132453858,-4.799339570152946,-0.5565818863952926,7
3.2552864112266353,0.7459667029264696,-5.179979750466129,3
-1.77984652515853,1.7533282919279876,0.7654635850213899,5
1.2927513720046437,-0.41580750269760497,-4.510025078098872,8
-4.987166617484371,7.7448429788195225,4.534265680927002,1
-0.7065920081266358,7.656607931506912,-3.357967833051706,2
-4.863618051689912,-8.549630993952722,2.250893334252011,4
-4.3608937878143825,-7.003586704528741,2.3320849343886074,4
10.051913642307357,0.971009290665416,2.1771804805120336,6
-2.956979884297204,-8.19984446336773,2.584572387206282,4
-3.607406597676945,-8.206289208376129,3.204163798486948,9
4.904987022913155,1.50018087682431,-6.399549048550224,5
-4.341803447802166,7.5973202313006265,5.51234348679246,1
12.27138456563259,0.6669959035142273,1.8609658682412054,0
5.8125018155640085,0.379607443135766,9.388360944770163,6
-3.8228439450620226,-7.496068613395378,2.1670361173253703,9
-1.8551913799042268,1.781074790839783,0.14032186374137792,5
-5.134859390691498,-6.060449796269679,1.5220049538128104,9
9.638824077862708,0.3540773714763821,1.2270591356538976,5
-3.066578315237054,-7.738111572235584,3.329496483765341,9
-7.123736623206351,-4.06819023739117,-0.5934699453101631,7
4.074066871938049,2.2304074058653485,-5.716636531064406,3
0.5898420960440223,0.9168644093520626,-4.808535483209563,8
9.575339589308241,-0.3865750356525397,1.5484113709868064,0
4.353971787290906,1.3163710951079577,-6.147648595440587,3
-6.30954826820718,-5.500891115718913,-0.14934790387237884,7
-4.319152099661923,7.323215563249997,4.117080429644331,1
4.750944920300937,2.5779867067582005,-5.94612889316021,3
4.636592713694243,2.1230839291002996,6.859707076490567,6
-6.745610352672607,-3.7095647221828223,-1.5921029319268631,7
5.5876484713851005,-0.07822065890654856,8.480685837073969,8
4.626536444596826,0.9702080161482963,-5.341506902538635,5
-2.868358187749018,-7.968971221481511,3.486961928878939,9
-5.558213886080034,-3.768077117178075,0.7459883799665838,7
-4.743965478307614,-6.230109277765109,0.9937365448869742,9
2.5551923729729813,-0.7220773172525977,8.299835460482132,6
5.233546590909124,0.32820913619453473,-5.916317325843012,9
4.570727716333851,0.4728038563634852,7.8440275662526755,6
6.346965519938367,1.7641449007738133,-6.9817027633753295,3
-6.838360661596041,-5.239807186210393,-0.5192641946514663,7
-3.0609396097369386,-6.067833716671593,2.72708123457127,4
5.502272439721437,0.4267871788754274,7.282181242200238,4
4.287764577826655,0.2872636606083746,-3.9341125628105167,5
2.1176453547776157,0.9934079606741832,-5.22341754764523,3
3.087887624473098,-0.24833006948315872,-3.7997525380837804,5
-3.722777783112136,-6.2953949187488965,1.7332817911940657,4
-5.542516248297529,-1.4918086794358505,0.41838352347321295,7
1.624931201265015,0.9453264511456686,-5.235884636541955,8
-6.725716120837345,-1.3364444339416248,-1.0085176018673152,7
-0.39635325840534197,0.10903259382090369,-2.8831522481733316,8
9.700566133045026,1.6551424021402836,2.0271817338635394,0
-7.38609714372863,-3.6476889458960167,-0.2678607985293079,7
5.874953904842391,-0.310201752825069,9.280433691898427,6
-0.37272371289871475,0.2998555548066421,-3.5474336782886966,8
-3.4389064615454688,-7.394315213421692,2.5643980357496816,8
-7.933453477400592,-4.5798832649458765,-0.5254001749654422,7
0.5496227055443451,-0.12658544955620954,-4.112615329273272,3
-0.22941009140539825,-1.0928627415899368,-4.009932168519823,3
-4.523177530323032,7.143129894876174,1.7318660681592088,1
-4.171202174357763,-8.056852030986343,2.4910707032909096,9
3.098513261746156,0.1034196659541074,-3.5896192669880764,5
1.3867393330449884,7.814605616450828,-3.507668916249542,2
-8.283872063580196,-4.412667317396223,0.6413210965331815,7
3.7739191345869907,0.41700858913231964,-6.371925562105948,3
-5.622468912753111,6.653086636824278,4.58460737377586,5
-4.149393134208655,6.80997990015221,2.4398728964993115,1
-4.747293148468809,7.243944221083655,5.67355872208968,1
-0.6546397755368483,8.435801510120708,-3.7032671774360337,2
-4.594646837030981,6.810124217750035,3.0743392345344924,1
-2.6669553217142847,-8.13488349303617,2.0181138197650523,4
-4.816004320505592,-4.159520297570615,-1.4479420860722447,7
-5.042505426932143,-7.624896190235743,0.9749113000987282,4
-6.657420465000209,-3.357481885671377,-0.9018478260702247,7
3.6821844961375687,0.5997705053059877,-6.0260519882785175,5
-2.5040943049048434,-9.4685408033379,3.7448385187728133,4
4.362233815463803,0.16119743232304856,-5.070225409383802,5
-2.926287779859905,-10.137886751159831,3.308138473674968,4
11.384642480126647,0.978981439924464,1.6766412679783984,0
0.45941881817585994,0.2694584856759108,-4.459619942224298,8
4.080374873543746,0.6561021753306889,-4.620948181522675,3
5.2328023395190355,1.6561506002823134,6.662612994244052,6
-4.9311914110692365,-6.416329731480891,0.9251674286785897,9
4.893049145191363,1.5135535379763219,6.727073783210182,6
11.088433858349148,1.3476946649368107,2.194510047575697,0
0.14405860786526814,8.578335011185306,-3.7241134040313337,2
-5.960135203436373,-5.866056510834227,0.696640063985996,7
-5.222488327963566,-4.320801423249853,0.8229813164730418,4
-3.185925161349852,-8.543311174416221,3.3893705431571695,4
-6.236022070868965,-1.3826018162678513,-0.37843843666262783,4
-2.941052882735213,-8.086175674196536,3.1587209784238683,4
5.8407593844260655,1.063041745860492,6.956833882865263,6
6.5548788673581395,-0.48563178960392617,9.11634493032895,6
-4.865325152033665,-5.652960437934198,0.9346089343248112,4
-7.034242714772927,-5.11996862603876,-0.11338239031329372,7
-2.672930596525707,-4.888125035534291,2.2230392041238636,9
3.8675743911109275,0.6410858386474122,-5.89439811770455,3
-4.959279421174231,-4.7939699500710296,1.4272589783343794,4
-0.7088678322349771,1.67763097279875,0.8430693076277372,5
-2.1735771145622116,1.403188072455936,0.8918767228342004,5
1.3409728044357465,0.005874687597706554,-4.338651468693576,8
-7.435234158463885,-4.873189938624897,-0.30086147309119693,7
4.3147491690860384,0.994054556846637,-6.435697833710102,3
-5.2706809895353235,-4.02147449310695,-0.022905528717250368,7
-1.4879586317748954,7.793631323245229,-3.977381283477126,2
-6.756347331433542,-3.0807991112020825,0.06736016168343872,7
10.684153988507651,0.9783356599250397,2.118723464342596,0
-0.5576769446591353,9.856100797972953,-3.12159779235167,2
-5.7792869199693,-2.0474534167085197,-0.4620086578667085,4
-5.334063021339768,7.930215480318917,5.289036833640909,1
-5.639503460240226,7.373995715278625,5.855651768744793,1
-4.545577364860084,6.970319799333428,0.4892114830351569,6
4.950952890433413,0.41672261626196483,7.898532390078597,6
-4.94760457747516,-4.421762324410038,1.371131742866984,9
-1.0302083799122694,8.490524232661642,-2.9989640454908697,2
-0.2904442680336313,-0.1390506224581999,-4.286871007475369,8
-7.133580059596289,-4.979672463468074,-0.5652345016306131,7
-1.072498130235311,8.8367931542728,-3.38567137170712,2
10.40875294323977,0.9362812315673088,1.8586476352743757,0
-4.6318307375272605,7.17545518076185,5.581480189393838,1
4.111592665371729,0.12054032949946905,-5.252587102155214,5
5.547785648446716,-1.0491231332947215,10.523503917109593,0
-4.150762328097303,-7.541830035308539,2.2565285809832085,9
-4.08003525868214,8.120186217166216,4.181847637302946,1
-6.373359510786385,-1.8173031052073352,-0.2543744233943147,7
10.58513464616131,0.9308249196447109,2.021678387131531,0
4.272579281740023,1.1280621463517218,7.364989894904737,6
9.636479188873322,2.244195715544259,1.5191677577506562,0
-3.336332296523161,-7.470509849707491,2.6639933725586955,8
5.727520490581556,-0.1312265939262267,8.887691698805996,6
3.9409563444200106,1.7599830824715172,-5.714328682780778,8
-5.14814504735463,7.787168099034282,4.97282256654512,1
2.153537345204679,-0.096306293855832,-4.584854157211197,8
12.601146208319422,0.0695572424027322,1.5803413636551944,0
-5.179109036213524,-6.010394193941568,0.641840252249816,3
1.8319368641391116,-0.04935064113423926,-5.967235841421626,3
-5.793079628777274,-1.116707157810665,-0.5828949495852721,7
-0.9143212715503772,8.096094532254291,-2.8158987597447114,2
2.3434421488356394,0.22118196673437118,-4.024040177078266,3
4.637868715760297,1.5840443813201928,6.749542988160519,6
-0.667636032365218,9.294346707435924,-3.826429891652478,2
-4.471641242787792,6.8250347696311735,0.2882497870935722,1
5.204489145286331,2.0882119347519175,7.189903637498779,6
-6.3952403376249265,8.039459123862704,3.8679025324714056,1
-5.431137851805199,6.981665801556786,3.3008692627265774,1
3.4769249729622667,1.096406673665891,-5.5609097735804776,3
-6.284675774304939,-5.111907331442843,0.0013943617401967479,7
-5.851397121969992,-3.0859227308977615,-0.6640759336174791,9
11.459716738494228,0.9119828181705717,1.3275652145332468,0
1.3452931861134534,0.49650702540109626,-5.108846685621979,8
12.156024536193264,1.1919046385848944,1.9984343673463192,0
3.686741637018252,-0.023084921309933892,-4.783171468443517,5
-3.163041509936529,-7.051544408923284,2.470714046667897,4
12.349165000699239,0.6682833820924176,1.070874871280371,0
-4.57615359965656,-5.994724304465461,1.9264021438781491,2
0.20125520775642292,0.359265859681449,-4.199551510420388,8
-4.508738645631555,6.829865411392603,4.61758856073396,7
-1.9742564305111456,9.911905783520812,-2.6652235225089895,2
0.35992256690730484,-0.16964476542840684,-4.153426870110361,9
0.9637636742031488,0.5246442991267558,-4.270563760742287,8
-3.2857698302216933,-8.527857331537085,3.2596046416812072,4
10.3572186211552,1.1662383879953073,1.9614003170251997,0
-4.168147577991554,-5.964587154475215,1.3789073259356273,9
3.2470132530862577,0.1487199852871573,-5.062383640389593,5
3.3397208685411277,0.6787684916229507,-5.555736450704311,8
2.421084873417988,-0.702090621840545,-5.558569853862636,5
-4.723381978765311,7.429175393130681,6.0457982682804605,1
-0.28134659637955206,8.703336209941057,-3.547100372253787,2
-6.58602862996536,6.15842341268065,5.244868562347431,1
3.9061781983253243,1.4986039757784329,-5.098919979560112,3
-4.5932018600280315,7.463421296199866,2.828839660478329,1
-5.362770633934895,-2.388429522115858,-0.45912933675593476,7
-3.982876665679825,-6.207686882685635,1.612378308377298,4
5.125317618526003,0.9303234880666751,6.534706364186754,5
-6.802967486074618,-4.450777582919116,-0.16587159474204916,7
-0.2188496140781532,9.093783418726696,-4.366390298340945,2
11.48993483430693,-0.22304003568450037,2.0000237470848297,0
10.874060492070553,0.7687634734434328,1.4792900203495352,9
3.7586953350587704,0.7214238279924211,-6.0987948580505975,8
0.8123344935590583,0.32391102418363354,-3.9184583495513405,8
5.3682129113474675,1.760044094795344,6.730784501062567,6
-4.549496019158771,7.090714071018655,5.859580652193367,2
5.041846218297596,0.3358551422841234,-6.131456067982171,5
-2.905184802501715,-8.204565459840877,3.471098991261251,4
-6.547811942306687,8.301083048311655,4.722186197379133,1
-4.06333355751526,-8.077356975314308,2.658158935551202,9
-6.417882996977181,-3.4992976283796073,-0.7944085868580641,2
-4.944035669189386,6.2455434877986375,1.786531001400283,1
3.613729489426266,0.43318599894053555,-4.944738801575315,5
1.41067870419226,0.12741937374692136,-5.209815833830831,8
-4.082052674369217,7.5342403975233525,5.82375309696617,7
10.842693467209562,1.1450776947793553,2.100673526991075,0
-0.7832917676681463,8.773817438412205,-3.2815440814358583,2
-3.5776588460186973,-8.451005825720921,3.3864400960174903,4
-2.158058942752189,-7.124908415736923,0.41466492451647996,4
3.66235184721344,0.5753386273375765,-5.414327588512679,3
6.470689476223999,-1.741577745667419,11.061192850524364,6
1.476964795756067,0.2761319070014756,-4.634091042553162,8
-0.6156945546089823,0.18907351895478913,-4.002901135215829,8
0.2599960903756906,9.199864926109324,-3.5292243889615866,2
-4.477769491445521,-5.62128723251748,1.6471823383855468,4
11.833415475924742,0.45575278987434953,1.3416304301340884,0
4.643828118625589,0.19002875847094775,-5.6516245943168455,5
10.068474791057412,0.7182476229203396,1.6642885284437772,0
-3.692745210501505,-6.266200124869256,2.0345596509163557,4
-4.624725069589766,-7.623462964731135,2.0040768803424216,4
-7.019561595459205,-4.521005583405843,-0.42906165488921105,7
-2.7710280495288684,-7.686131441061704,2.5356708937342094,9
4.93266167461366,-0.4535043199437925,-7.042971575010492,3
-5.70284003650556,-2.4190755657876757,-0.2184273933469259,4
-4.653408441177405,8.029576478034153,2.8960450733705976,1
3.9294693212842233,0.18082916909526547,-4.536536282762048,5
-3.431506421653193,-8.636545775124965,2.630768123350262,9
-4.663275731697246,6.43043099928782,1.0161877514936055,7
4.476740059657779,1.0181770822353953,-5.703199342054276,3
4.2563516583368735,0.3132773674263871,-3.751468899213001,5
1.16169017851786,-0.11422353632377336,-5.16236244708329,8
1.7110452569012673,1.0330884561125446,-4.440138937580475,8
9.919635849652984,0.913804971535313,2.9177957332338336,0
4.697922360210614,1.2750756941549315,6.517641161849885,5
5.052767681748064,1.5146073780957787,-6.347833970439299,3
5.08018704309696,1.1929211010786076,-6.308607017394046,3
6.541442088520145,0.9515496332693345,7.1652624642444875,6
6.0495536584182545,-0.554154807919434,10.210448263498858,6
11.35430037728427,1.1345321358091818,2.381129188926836,0
-3.745804479061912,8.370075112931277,2.0906721934417036,1
5.6043423835807955,0.29438384787430794,7.428462437970571,6
11.675471485613865,1.1653195762435118,0.5583468835956158,0
3.6870144590427163,1.7392437246022625,-5.925148209051211,3
3.667994680325119,0.06713543898278296,-5.261234941120891,5
-4.002552085726888,-7.876701883821856,2.6696289381760026,4
-4.917453610536019,-7.099976243490909,2.555279891145757,4
-4.529087538378897,8.07349646262693,6.502134567703759,1
-0.36623712688051757,8.089359876673342,-3.426598005110521,2
-1.5928612742982837,-7.965075868714293,2.495992025891514,9
-5.291016183165671,7.110857044084327,-0.8328316410850556,1
-4.50206179524899,-8.353098995093188,3.830611940232976,4
6.348258697014884,1.6645527348331473,8.940466956649237,6
-2.088831358957842,-9.374668675364745,2.877690706796673,9
-4.006859652486746,-8.872484728081284,1.5245131738255873,9
3.5562334063558434,0.7699922113751525,-5.691062790034103,3
-3.032415298361778,-6.872178182888965,3.338872097509734,9
1.3630549963538119,-0.39442903670692786,-3.6869295739499006,8
-2.9506136799467093,-7.34649969804515,2.856273580977035,4
-2.805088680711347,-8.340724485869247,3.5142833065252774,4
4.181072648480079,0.5428861702504315,-7.315191136547391,3
-5.554524905192861,8.932938574023908,5.862892518089216,1
2.795669214263398,0.4959562308189141,-4.313590157258988,3
-4.9058448395448195,7.101030182157526,1.3644578379323802,1
5.014306404663538,1.2756788863507937,-6.4180181810211305,8
-1.3085643276181584,8.013618557817116,-3.0086160348063475,8
-6.470079073576038,-5.37753859193793,1.5276611766718335,7
-6.197783845061136,-5.720525183452217,-0.06732620358495978,9
-3.436668195878605,-8.724867253350839,0.7109365214111767,4
-0.8808753792731566,0.828713174853979,-2.008055845808853,8
-3.2700222028763304,-6.201540086991178,2.1417802178805787,8
-4.549958895537391,6.8268760771788,0.590745291128763,7
-2.429396687168585,-7.807306309762615,3.6752139699228255,9
-5.599393226624207,-5.565079188360189,-0.4911122015623844,7
-5.083601621392577,7.813656610974175,4.746259895984815,1
-3.3045432941744375,-7.639027657530163,2.669134260029851,4
2.7628696073833034,-0.9623974549910274,-6.246359411291852,5
5.930912908628962,-0.5033300235176575,9.336274672455605,6
12.353818552962167,0.5701112910325821,1.6393905710566927,0
4.755766875458013,0.7987185208552477,-4.007305071912894,5
-1.0196917214758296,9.145711029518898,-3.661363289065823,2
-0.8357631296330843,8.875091807257498,-3.169319299860163,2
-4.532378311444857,8.35615884445848,5.035970535902302,2
-5.01448649473683,8.880095215818486,5.730603839013977,1
4.883390677814672,0.7058525199577599,-5.931711389414704,5
2.8850082918187443,0.3422084234735566,-4.7581297178074236,5
0.28705651351945327,8.579633706089252,-3.2904809033029965,2
-3.5644886365831763,-9.149934742687677,3.912872743682263,4
-5.288750010384292,-8.385978960119585,2.5777511283686247,9
4.752179026892107,1.7084344440744164,6.792284618983986,6
-4.961936729680792,6.067860101254723,3.187071986030979,2
-5.805818319203177,-4.217734451976418,-0.11317081858165579,7
-6.829133185015914,-5.043746735622251,-0.5075967840890403,7
0.20185038326199006,9.065147117729632,-3.606134172637897,2
-1.345501603054128,8.986806670944354,-3.9588902339576206,2
-5.289871393387512,7.3882188995998215,4.658323734530615,1
-5.017119762774467,7.026313565392284,1.9819908754122397,1
-0.24730482238215656,9.022915873578379,-3.7721304197536116,2
0.9430376312264224,0.05801029538405689,-4.568380593668924,8
4.387160309427888,0.9301855118600532,-5.855974165219022,3
-6.582315867517383,-3.4786311506512173,0.20093404211675192,7
0.16429197455891242,8.524032302884097,-3.4214308899970147,2
-2.931189104812836,-8.35683081387237,2.846886725146508,4
-5.163208226154362,7.5208930197584944,3.723263644631965,1
-7.409342268178981,-3.6180767287580617,1.0318748679516472,7
-5.25469614562441,6.63415903226781,6.23457344845006,1
-6.636130947234222,-4.210676277458156,-1.1935162624296727,7
5.964996813484761,-0.9487569771157303,9.100531664100341,6
-7.211606404532044,-5.236027369501203,-0.39856708418586,7
-0.11896762430238483,8.535937320557558,-3.4351769768349527,8
-0.5124634953480385,7.936782862125863,-4.662504219020367,2
-6.565249848273271,-3.9188001446720664,-0.5367393099426586,7
3.909476488135726,1.2908247295788358,-6.343042537366632,3
-4.640848378877465,6.876588287370229,5.259528392706103,1
-6.452819528355019,-4.805383096934674,-1.2166486333582396,7
3.4943563925720666,-0.5510863247857797,-4.543043406094589,5
0.6729501070110315,1.510980684676722,-4.068062630239779,8
-1.2305108750648772,8.817896861512699,-3.3209760047451473,2
5.311920364506862,1.5148056207464964,7.460859868727583,6
0.13362443281462147,9.51481491593289,-2.7472762167319553,2
-1.098981019631399,8.533159330218925,-3.1539016633422254,2
3.1809510226479794,-0.030611068027869726,-4.15282082645887,5
5.493758312928839,-0.16617204717027345,8.073126495711717,6
4.912214362920657,1.5315397485641513,6.796053674644224,5
12.053836333419037,0.641533832227096,1.901289955064945,0
-2.821566782790998,-7.9912384586966585,3.219607682289644,9
-0.6332508885776806,8.131820747354631,-3.80080083465708,2
-2.8421993671682246,-8.852210202978934,3.5879868924127343,4
3.873466263231271,1.166251158840395,-6.720785309683157,3
1.6819755348788348,0.2461454311191802,-4.6069759138277515,3
-4.33723325338519,-7.421279418081359,2.5589267440595336,9
-5.96016497849294,-3.5601589259128543,-1.0590619861486648,7
5.424882792566173,-0.26411001444858684,8.758381100581742,6
6.257945120094388,0.6171566350614348,8.232305312575535,6
1.2965301274470706,-0.179458968210492,-4.302217942522194,8
11.936801455666151,1.0642306788506075,1.2612936732439297,0
-1.9632825426975804,-9.776384804264305,3.9472875341097327,4
-6.088787119003257,7.99832010230978,5.441597948029967,1
4.695330915419909,0.9592028311423604,-5.744324736874691,5
3.0410409580609192,1.1745192750349776,-4.866374686769354,8
-0.3072193584890801,8.719546494107412,-4.059611723769596,2
-5.463721462173922,-4.526329847485091,0.25452305165004885,9
-5.252329774582423,7.342237587952191,6.015587906995842,1
2.874702418126399,0.9588549554712087,-5.215252822384882,8
11.915751386400942,2.9731139694215027,1.3643316084531505,0
6.423650518054936,1.477768161643034,6.613219823159975,6
-6.731650749088185,-4.839283214792553,-0.11056357189453259,7
-0.7780032326605509,8.223947572604741,-3.622150419174319,2
-5.058957984921377,8.037466234269303,0.6367198566019125,1
10.052882978470679,1.4657876055793229,1.7884476455620888,0
3.0694257754781606,0.04791476812744658,-3.4786062826447006,5
-5.265911787697612,7.433980457730765,5.836132083591333,5
-0.09604078531047625,9.256104397779033,-3.0481317548584737,2
5.700653729746998,-2.273683795479217,8.22386196280434,0
-5.0085728100903015,7.168196272178349,2.1999330507092436,2
3.8732921266337685,1.9657679604042524,-5.631222839229016,2
11.366496663567744,0.5636235156225573,1.7620478711242862,0
-1.0585172095870616,8.617435385222612,-3.119989255625372,2
-3.8709435438063795,-8.203437873463926,2.428742673506517,4
-3.4688600637750384,-7.841628251149862,2.1012740003388624,9
2.6111495414998536,0.2979714705540339,-4.462603037979612,8
11.508092126782927,0.8989558893394983,1.9096346665194208,0
-4.094341888323292,-7.94256969925445,3.686616982616725,9
-3.986935960629334,-8.923425333193991,3.170570617184455,9
-4.011447364072556,-8.562210363308774,2.9924309679849492,4
6.291077600281433,0.9154140487661967,8.369990192675733,6
3.115475601084016,-0.07083523940683023,-3.3423634824426136,5
-3.135420927559127,-9.104758881571586,3.6332706630591183,4
-5.618162989634217,-5.510594997907361,1.0355411836829531,9
-4.895669231391508,7.516745283792071,4.271426225956755,1
-0.707939468581547,0.08713502755964814,-3.918482942857623,8
3.439999700169935,-0.009824430608274648,-5.205421777782103,3
-2.971894555311105,-8.873977273656552,3.6327126628109787,4
-4.608242482161342,-8.488865206786334,3.2275669471395747,9
-5.084706561290737,-10.333335671910467,3.979625796252944,9
-3.6798091846962233,7.9671419217298975,5.082543599341745,1
-1.182086383630703,8.027123204393558,-3.672868772041911,2
-1.5840482920999048,8.793465477850035,-1.6337313987821993,2
-4.839620405588331,7.286743246728241,5.726656077159771,8
-5.166666520238154,7.678967513795975,4.980163256781764,1
-2.605602932798007,-8.006159311562046,2.4366665566906036,9
5.4937704697902365,1.8462917931317295,6.109172221584881,6
-2.738111485860908,-7.117709647139322,2.7847274911879323,4
10.091906023582862,0.8289175147886755,2.1632137106184413,0
-5.6882816209471265,-3.2826359550048023,0.3763253729745222,9
-5.822830209028782,-2.0438753232023794,-0.06903981302007972,4
1.3924550070743735,0.22900551023094962,-4.813300429248203,8
4.3303309247200925,2.2768618918163153,-4.518862144178377,3
-0.6446677716987215,-0.5396206672793509,-2.725712901536471,8
5.666995977350656,-0.8912735739760411,9.281646928948625,6
10.194612869482777,0.9508670968375608,0.932564901180906,0
-2.152639977833007,8.560728796330842,-2.70024973329097,2
5.290391098448229,1.3895007182435544,6.49304582370006,5
-4.366760261256481,7.912692623668973,2.6116450981448436,1
-3.150463521028046,-8.778044725637578,1.3425046438595596,9
5.840607027404445,-0.5728829093838741,9.202027154413852,6
-0.675907400184454,8.753290092108909,-3.3901235591401666,2
-5.035952359069926,-6.421261703720566,1.157367060276242,9
-3.4588484455952573,-6.795324310788012,3.570058397348369,4
10.561302982172126,1.011086578650966,2.060679642940535,0
-5.129221442963318,-4.572719676765456,1.2132579770153922,9
5.34035582762541,-0.42630330067345445,8.84715951288987,6
13.296867561048304,0.5883171557929253,1.5837298437045746,0
6.029568056901523,-0.5056209864343256,8.768312193824627,6
-0.7571483500070358,9.199322440010873,-2.9042988461039285,2
3.5043409469608475,0.3697225552233733,-4.436774008904353,5
-4.042785935799214,-7.881133360284585,3.333391515988783,4
0.7233226040356926,8.733035989664874,-3.818825273762494,2
3.734364463716118,0.811793730661926,-5.578287025699469,3
2.890460246469755,-0.4651109292072272,-6.338453133367237,8
-4.148698580751393,7.716316871155583,3.2524671696387597,4
11.475356935666266,0.9381124169009445,1.7758462806730249,5
4.466738167318491,-0.03479648959728429,-4.72016481793119,5
12.652902437165523,1.0913761063351588,1.764581571341232,0
4.380921286101762,2.14513673533527,-5.732426646161323,3
1.3107092106483476,0.8381971883339101,-4.185168645812519,8
2.485305281057563,-0.10091349350269446,-1.8304516585158868,5
4.546166149536976,1.6722423883024045,-6.571041216817579,3
-3.8512248644565092,1.948037140294482,0.6200028141397536,5
-1.8216761513812725,1.685487827391776,-3.0956710303276567,8
4.479268577112377,1.9700862226835496,6.791309260843441,6
9.187562266426,1.2429552710849947,2.4689103577714895,5
-6.523706219660487,-4.487846963443851,-0.16827800944603177,7
4.468491030934125,0.38199428331297813,6.00004090539595,6
4.530609219823757,0.2569820030273045,-4.384501407958137,3
4.410373544115266,1.816923280274903,-5.410424055005564,3
-4.5595285111405515,-9.119081403544907,1.9406288094747612,9
5.491158404174557,0.1838360863233397,8.319189567231053,6
-4.739205898460877,8.771647146535226,5.697829554747069,1
-5.164609302745621,7.689178240367359,3.9124966723271006,1
0.046280184638461175,9.375436111064804,-3.530862711184273,2
-3.755706919267263,-7.66316430546106,3.226230141233126,9
12.589368642735433,0.33119151745544506,1.8986172194835076,0
-2.839506511416458,-9.31681096093347,3.784094618118773,4
4.796495705865571,1.150583844980679,-3.7982785894249074,3
3.6799367802902196,1.581152754441121,-6.989696299147695,3
6.959618276194991,-1.7561612870204812,9.008203967355726,6
-3.666822038852305,-8.325582831419165,2.2992694815235994,9
2.5546259632966075,0.5988728988827737,-4.17912478673219,5
-6.821971701180303,-5.005184310952955,0.4977364530716537,7
4.9836800918079955,1.9747624745132848,-6.387911227217142,3
-7.492619830679949,-4.736937866512577,-0.16136752634812068,7
-6.934037729099897,-4.574976802794634,-0.5477577156479898,7
-6.510578468026806,-4.015379417993715,-0.5778674297083478,7
3.542236564446775,0.5801271707209821,-5.693177356525243,8
-5.3271073875222275,7.878122056113508,2.106817697767836,7
-1.9647648725147735,-7.266660403015473,3.7457069631986704,9
1.9642205882906258,0.5586869050199873,-4.574273408258916,8
4.892280931228801,-0.391957410900833,-6.6236189899624485,3
10.637108702304253,1.0536955257631497,2.118892929400274,0
-7.003236482460517,-5.323575623256409,-1.475439490484156,7
-0.26159908045136204,9.133019582429931,-4.01884915945851,2
-6.311824676030603,-2.183908213816699,-0.6195500271757546,7
-4.886565199000606,-5.761363633490251,0.7481705089210294,9
-2.6858162014136915,-8.01106167535905,4.0917013928390045,4
3.0910611416398366,0.365029234777522,-6.385560037130867,5
-4.261645725548731,-8.22228411538175,3.156078023129498,4
-2.7433712640042844,-7.85994286290571,2.32737948864379,9
4.259360237364782,1.3613520678444258,-5.786476544372046,3
-1.3249038696264435,8.283563219266846,-2.8214570518198636,2
-4.416965916032406,6.360080898425449,3.5804423453287937,1
-2.1600470223495547,-8.833572295498373,3.1437909062970277,4
15.31378341004249,1.093868251331831,2.134708711367126,0
-1.01877802339977,8.614492211917812,-3.211301367652869,2
4.087043036859353,2.7660692747451088,-5.290131985617437,3
-7.16789139222202,-2.728908342157946,-0.4509152056468535,7
4.790004046437421,-0.771489847548034,-4.861206863659623,5
-3.504354787087041,-6.226815527578535,2.244738245245287,7
2.094643366991761,0.3849181212279936,-5.026284327294929,8
-0.4670896442811285,0.06590770939166335,-4.065783266211595,8
12.915413269108205,0.8361081176563916,1.5490302991046436,5
12.25956936052584,0.577413226157979,1.832372631670777,0
-4.780568621172017,6.90883182279386,6.017803967477593,1
-5.169202739340055,7.401022652231365,4.127578006498833,1
-3.079177935349633,-9.055092089688111,3.8290413381490946,4
-6.249853523274613,-3.6927446760880978,-0.5364072762279497,8
3.6179146054214333,0.5705457785089336,-6.661539109688905,3
-4.6034694083173076,-5.622117276918747,0.554673678218512,9
10.50884867216345,0.8876963427881993,2.635115684370126,0
10.373702120348298,1.3250088999699972,2.865191645657853,0
9.999754158982526,0.47909948319879103,1.6839815926289012,0
5.854056855931656,-0.9489027176887583,8.888467037357445,6
5.405332487688614,0.6779935457279676,7.055409488816041,6
-0.7284444688339395,8.202115709057338,-2.665535219913524,2
4.573712172162859,1.5830675670801155,-6.353992274648725,3
-7.05049874610158,-5.256631440796884,-0.7198865774307939,7
1.0281391828277961,-0.12263106031466009,-4.721569292425551,8
-3.4570268415933554,-8.018736826147117,4.9131144231906525,4
-5.284234882368735,-4.962041875213076,0.1615141226347787,7
-6.138152179316852,-4.736355552662092,-0.6632957040470248,7
-3.2135491666626663,-8.730470689496244,4.095263767821673,9
-0.017804914728285028,8.35151935826702,-4.065923906436167,2
-3.8432663794797186,-6.906713160904314,2.1070383142482108,4
-5.447992745689674,6.181482537779052,4.555339067453267,1
-3.4758512191806443,5.642452111364985,4.0983593689771745,4
-2.175462383415897,1.5205141727722655,0.8167994767246884,5
3.7150096765089486,1.8595642389405431,-6.566526193975052,2
-3.8093231452568674,-6.805104631502633,2.193392524424579,4
0.27191655457396074,0.2512222782818756,-4.742887156082066,9
-4.422846261999947,-5.816829533847445,1.8238179908677346,9
-4.506135833327107,6.7931909691490695,3.6843106855722754,1
0.9325171106679055,-0.21396138379327773,-4.4623348572218235,8
-4.145339810309385,-5.0402150024283126,2.3220930078782445,4
11.281472181584867,1.941628969585209,1.7947832773393788,0
3.2412426513540016,1.57207550581645,-5.599722766302063,9
0.29382783150078795,0.4450280203444533,-3.4070156457047776,8
-3.2175830047885485,-8.585391757785237,3.504710611241622,4
4.398574448094472,0.5080559611130343,-5.75820234573234,8
-6.637361564881966,-3.5595151330604127,0.04411576445450405,7
-7.610391029507897,-4.096005595525816,1.7404451001437495,7
11.105631067705733,1.295134868859974,1.521229839998595,0
-5.468178896011158,-4.84437453855522,0.07852734529994398,7
0.368691243544055,-0.4482687999709642,-4.815939439184164,8
2.0532209570427984,-0.44163855607540725,-4.870146350735261,8
5.79471791793372,-0.7908407392834996,8.776625329681034,6
11.202742361460006,0.7674063692083339,2.2695024839792284,0
-4.37278019265843,-7.981860556610616,1.293025974952194,4
0.47237063999588813,1.9099493280561306,-4.913791684173926,8
0.8379618778700262,0.21704884141671743,-4.29076323935949,8
-0.7338053948643036,9.198821272912783,-3.6774854117413125,2
-4.801344157727178,-6.159444999464135,1.212666595645186,4
-5.961309199183564,-4.258812468253316,-0.6856296346070445,7
5.539754062569125,0.6872404634674703,8.834727338688669,6
6.456473897550221,-0.1408321682385863,8.746376012129634,6
4.66190502746347,1.4255495491771384,6.811033439069515,6
-4.829302086462589,-4.088933742190353,1.169621582665632,4
-6.145487615330309,-0.08822414106368548,0.6295292306022628,7
-4.917589156474071,7.332834392859789,2.9287732358368452,1
1.6139975496668122,0.7703363546843283,-4.547772656204241,8
2.1816028628500677,0.8908877473119621,-4.143153032153571,8
0.12725941656215956,9.180828645586672,-3.2570818577765546,2
2.9070291786483473,0.8602418371309937,-6.213109637734897,3
5.627463085524625,1.2152904189216087,6.29954577771587,6
4.443649219159832,0.6868170520415267,-7.17533551118173,3
11.63764143827484,0.7349490119416509,3.246627556581765,0
10.704521915084387,1.0497866384075027,1.8373868716228168,0
3.414656888711452,1.3458564175585337,-5.705531887541149,3
-6.201709327442057,-3.7058003374181183,-0.859004118110083,7
5.3969074808149635,1.1772481439709939,7.007740447755683,6
-4.3709520878598935,-7.042090158027829,1.8663137664857405,9
-6.2516994890250634,-4.310485664808795,0.8848608048664157,7
-3.6438023303494544,-8.025195900319812,3.5934587101577695,9
-5.743901757587888,-3.692220788845421,0.531178970233272,9
4.445982492374929,-0.12652607231450125,-5.258925086439295,5
-3.134246835366274,-8.223649714188307,1.7983792295803063,4
4.518972255175961,0.5384328998425113,-5.4475890370722695,3
-0.239914452670114,-0.9608397493560876,-3.3570041327815563,3
4.498156512191283,1.3229720316903033,6.559293532032946,6
-5.1842928577912675,6.30746429395115,5.870482786828924,1
-1.1328142586266838,7.7891129560958525,-1.328666262239894,2
3.8455138688244928,1.5575484981234884,-6.052053898795621,3
-6.698970467438945,-5.262631735238246,-0.72024422942233,7
3.3947949823200805,0.9384097748807552,-5.40491932856917,3
1.9657985574538186,3.2436188350648303,-4.776097326181703,3
0.5344485346030711,9.225353905209024,-3.6537700804167144,2
11.69196004648951,0.6856532387135773,1.9902716372122042,0
4.615496242977285,0.549987112744211,-4.720928069108357,3
3.745142557481465,1.6184879477407959,-5.895314872931499,3
1.6471898003386984,0.19757203339876886,-4.44046333204772,8
-5.40822868624079,-5.3711625569531725,0.5324710619656041,4
5.093519405660554,-0.17362059323133883,-6.653484682109578,3
5.0794710635322655,-0.14921727461369724,8.561641057297486,6
4.363702026004566,0.4317105008253309,-6.098880485946231,3
-1.9626014771584583,0.8606043470806195,0.8445969482279556,5
10.47696892007751,0.6299795454977475,1.9159068781392592,0
-0.856187607239685,7.601814241660109,-4.382693866558889,2
11.149205215218956,0.8268025167166814,1.61730005548724,0
-3.717919626094848,-8.410703551093608,2.634962835164743,9
12.485418942462982,0.830558627799562,1.8757033589490564,0
-6.493371180527395,-5.2520918263002425,-0.6543503417426015,7
-3.666526362103067,-7.897240804820764,2.913109827610904,4
4.786588123663538,2.1857671917036083,6.805535785547945,6
-3.0358462612566486,-8.926374732332034,3.564544149625091,9
4.220277714938125,0.3077678769523653,-5.651236545963759,3
3.2177371389178697,-0.08238178388975059,-4.552179153718545,5
-3.919015265225049,7.577947176233094,3.959761416388503,1
-3.451388581750014,-6.623147301708422,2.632845348673489,9
5.55718919984717,3.6899523729969546,8.14326849790516,6
-5.577873830432412,8.079861919846543,2.1787105172822034,1
-5.456866732681202,-3.3308680997752473,-0.7833260226303714,4
-4.2539392333889445,6.937368218148349,4.225630786924951,5
-4.896709693972704,-5.385131613861957,1.0669861220946062,4
5.300287079331072,1.3822042365448763,6.40854646512459,5
9.805131871920704,0.7978580328620595,0.7599446388450368,0
3.051043942266062,0.4055875795450309,-3.919521096403483,5
-3.370987707937239,-8.849130954400476,4.0304729721826025,9
-2.9995508343229793,-8.280002152176381,3.4620210914483476,5
-0.43750356067110885,8.698853455432177,-3.220762701301134,2
-4.689838022249644,8.270509033948855,2.9325024658647436,1
-1.35149101675047,7.99138255520579,-2.0518896055850604,2
-3.5784140361109653,-7.977196686400941,3.4501584252207023,9
-4.244487703489892,6.535968756515446,1.174585155797438,1
-5.290037290104111,-5.310227013023742,0.6161081178723387,9
-5.560096737715607,-4.7122472697112805,0.5956383164112056,9
-3.4301881068590725,-7.416147238368359,2.5603613049831573,4
11.498036580239715,1.50203210325381,1.4053651331537633,0
0.3539728928697967,0.2755532124136546,-4.064843234467481,8
-3.56544373367657,-8.938952186008231,3.6181919696653835,4
3.8662040427671207,0.2823331594205138,-4.832397482257696,5
-0.7680709616182204,8.593843263693516,-2.0339711379437704,2
-4.329247504166647,-7.887392521725086,2.87147639263231,9
-1.1253326665926258,8.271671593820157,-2.8049436613570125,2
-5.255964177907693,7.591607374486249,4.531124084363663,1
-1.192821140207048,8.230356294747404,-3.17569375994148,2
-5.699087608967676,8.351031321103848,3.2351016611798915,1
-4.6561943079204795,8.155676307609367,1.0526477793878655,7
3.7258371926203426,1.024364846752917,-6.031084069716978,3
5.147794380875956,1.180267407211593,7.859094647316278,6
1.2383990598536991,-0.10598673754275192,-5.562538219055735,8
1.6094506982998884,1.300562831676027,-5.8658446957162225,8
-4.431776370017637,-6.307350456860272,4.898952119396123,4
-2.24182453341759,-7.3506455192829625,3.7692664461846506,9
-4.572996182930115,7.568034408366678,5.112060634723751,1
-3.4505832479521987,-9.91587181771195,1.6417257684933029,9
0.31743813859255676,0.16554684351300902,-4.613686131429744,8
2.6563010085021173,0.5974227301268364,-4.478918959935729,5
-3.511015257528758,-8.4981929529935,2.8105526818921844,7
3.488094284201021,0.9876500572843949,-4.404940508249787,5
-4.065063727787089,7.583871174655501,5.234546192547663,1
-4.752383497038049,8.79995625384009,5.263032454462631,1
0.1063826073892612,1.0611834945271001,-3.640679687365028,8
4.968525824932438,1.3341715764324487,6.915826211993267,6
-1.815452968441583,1.3673370978752508,-0.29167258751724245,5
-1.2038144348099533,8.30693301584032,-3.404532332699019,2
-2.8797072311095837,-9.603646902413058,2.4609730253365543,4
-4.450633798060662,-6.13247473674587,1.9265439368966004,4
-6.4308112633871195,-4.161936818977903,-1.008807441796432,3
0.30111003306708384,8.660268985148893,-3.281991476842953,2
3.5026302764089574,-0.13266039644750283,-7.2418479342902,3
-4.181291147000336,7.663862430982365,3.9252923481694113,5
3.6377456091103086,-1.732351444974068,10.365674881909724,6
3.7027212772980436,1.353256857764057,-4.635557406053817,8
-4.594217442842308,7.033720187563279,3.1445700265076435,8
4.936230710566843,0.522553724710074,6.247210475304938,6
-1.8302306124377028,8.281967613795077,-3.3165409737134115,2
4.284891520375707,0.12553603407451086,-6.653019416743677,3
-4.382430063514381,8.763897215122256,7.542079480007257,1
12.426484150516211,0.39059136319396465,0.9591604992005607,0
2.8549914019543556,0.042122185931258715,-3.8680052804489935,5
1.8791190081827256,0.17010705845292518,-5.090524738047952,8
-6.167108354675875,-2.6602161825575013,0.4097569138065049,9
-1.0840018925019632,7.947668382322832,-2.5804848169511354,2
-5.3946864547951465,-4.46112153121341,0.6460577691357677,9
5.425836387057101,-0.5076725156394133,8.306812567819478,6
-8.55171497198111,-5.824930935232629,-0.22292421355540115,7
11.508129604880462,0.029109965025078566,1.7764827184127778,0
-3.234852086326063,-6.121741287064987,2.8599380336380062,4
1.8774107123901218,0.95734518970312,-4.862770835919461,8
-6.4833214336987455,-3.0753395485504456,-2.4324402731312134,7
-5.786645653029729,8.046616783118964,3.3070880549885877,1
-6.451293491299936,-5.653990910687758,-1.2711960661096342,7
-3.0590764940491124,-8.011172746773193,4.49571057079819,4
-4.869563667720325,8.478237672625353,5.6012822739551655,1
13.04012351834213,1.0186769677577177,1.637931850521651,0
3.452087610048227,0.7495331913164319,-5.161032830635279,9
-6.703886990127305,-3.9139038319780486,-0.8764052988989632,7
-0.4498261863431586,8.21974421589594,-3.3696959749059734,2
13.112861825675646,0.623391169731905,1.4795071924893293,0
11.991045164084513,0.5636434473778296,2.09126627827881,0
-3.623470104647749,-7.18482826390193,3.111346626005856,9
-5.464949971737566,7.216051613881168,4.025634700534901,1
-5.029497907116344,6.004571058801336,1.2516195997461301,7
12.253507015128578,0.6698257095768518,1.9820344502828495,8
-3.477670838212922,-8.044294750731982,3.563095022075353,7
-0.9485283108929938,0.1800400613259073,-4.038610745913142,8
-2.4218501963980716,-8.65846712315044,3.343833539570867,4
-5.248841270813289,-7.207649967768864,1.6508639689112246,7
-4.524079189892556,6.275128469000317,3.3876676813330207,2
11.65772416551815,0.7739420159054557,2.010311365296359,0
-2.849080781472882,-8.723123009552173,3.3166130042776443,4
5.035948032291642,2.4190012839182415,6.969241015178068,6
12.12542009999063,0.7749659095003119,1.8408436567736772,0
-6.004123787340496,-2.295419857681473,-0.7335641727938744,3
-4.534244046999929,7.591816969840684,3.700740238251094,1
-4.163224129603104,7.187580175690875,0.6941320120619496,1
3.7901877959013994,0.4636608912508226,-4.6589648679917826,3
4.757586837783983,0.897521530496806,-6.143804138525512,3
-4.051921512401139,-7.898509674876595,2.772620986586989,9
6.014813197621486,-0.46716793206207974,9.428221261715223,6
-6.4137954598208005,-4.384621228624817,-0.7708027133943864,7
-3.2956472764374785,-8.061375690631463,1.253896133776716,4
-4.996905822559663,7.680088108228493,5.353015518371185,1
5.013553292813844,1.5727990804170773,-6.558958911186099,5
4.315641179242036,0.11283444947684029,-7.593304154386296,3
9.917048336462523,0.6971761981163237,2.8918709696746836,0
0.061607293180925136,0.7820505834912459,-3.1250071750296553,8
-6.485939800284437,-2.6391322794894494,-0.12233101156941295,7
3.649502854072437,0.3597246155588796,-5.95123022287661,3
-4.1809905214446,-7.464421842830367,2.739205430154484,9
5.516559143999412,-0.6923836542489499,8.72819180074757,6
-4.135540888179671,-5.398679613922386,1.0968025495356133,9
4.465696596656299,0.8866189378417118,-6.122384228820046,3
-2.3287170605038696,1.6168309484190875,1.115763051268495,5
5.647663192981923,-0.5210867165877711,8.920979025468192,0
-1.2068983964508233,8.376522203343114,-2.849769060776206,2
-5.7314085751368635,-4.360992084165149,0.21739020478802829,7
-4.023576078752984,-7.015554450382195,2.7439584261334513,4
2.661709801669827,0.8124762017236437,-6.347903859442616,5
-7.3675846732802315,9.475729526712783,4.255813359329389,1
-1.2591949575652601,8.292260365582592,-3.0492967372229,7
9.349119300706297,0.6462872592717646,1.8206083134049307,5
0.20548955325329266,0.8636784112813609,-3.41073416403684,8
10.356314891695874,0.5590467649786833,2.815605405658361,0
1.2436217517951689,0.5471118139223744,-5.291960849416215,8
-6.549691495065207,-1.434449006885658,-1.2082173523482722,8
-5.009632201759367,7.958164516728218,4.453140894517246,1
3.10704761044842,0.4417719624766261,-4.104493103462868,5
10.32386384948668,-0.09207944074232666,1.506023772773152,0
3.926986103436938,1.2483916932492387,-5.589258871410434,3
10.894188079191132,0.8000019935506166,2.061177413517094,0
4.998774455906855,2.2698213541633923,-5.822854266955059,3
-4.613983375534416,6.895134621015909,0.07613176909830166,1
-3.8542914481326336,-7.215596409434194,2.3577135980638406,4
11.631664917863615,0.5397807645724808,1.8695056308186448,0
4.041300091701271,1.5619565849236994,-6.271356514022024,3
-5.186635819717404,-1.817199014126747,0.053303527599177336,7
-0.7422606385913718,7.064216636260689,-3.874329154567122,2
-2.591291335739484,-8.758261225909047,3.8925449389323243,7
-5.113796629083308,7.403349971249844,3.2009577900431156,1
3.5303195938811758,0.7317675342113676,-3.4307731895740106,8
12.20709694364282,0.858828778161275,1.8396884998177183,0
-4.993798089257522,-3.731414939791626,-1.040663935557998,7
11.929473295622968,0.9654092253366815,3.5005376640953774,0
-3.0397978475636163,-8.355982020537072,3.0208556693541264,4
4.007970984295474,1.2830429708743243,-6.061711787761549,3
-5.50740165406821,7.338336719336128,2.850514898756767,1
-3.186481910955816,-9.267787148002657,3.680486022777773,9
-3.1903316976076144,-8.691258096766841,2.978631410401287,8
-6.983669508340865,-5.028853265287404,-0.32844001116126176,7
-6.620359520871806,-3.571784091203505,-3.195429239201273,7
-5.622363335557628,7.957785378683274,4.748346509398264,1
-5.673478491293888,-4.37523549491643,-0.020033260314819334,4
-3.744453532043066,-7.802228609237376,4.624779440106327,9
-3.480405012859049,-6.925329732533753,1.3802140464948744,9
4.125388763196192,1.6179206550076861,-6.899889483902451,3
0.12056702545287257,-0.9134911404346593,-4.636664601378789,2
-5.102841556356911,7.8737630564552745,3.4904537422942,1
-6.212731641612858,-3.4509220185544707,-0.1457808958810553,7
-3.9371345499811587,-9.569963432114221,3.555293407034519,9
11.223562734343345,0.84756207537074,2.053974886850376,0
1.4542518117958676,10.616099202135302,-4.301215532578804,2
12.02873505560153,0.8379205449779127,2.120331051420024,0
5.5989163469811,1.5354792034970624,-6.7246748079595475,3
4.018605581468093,1.1713660716034333,-6.2845932265803715,3
-7.084503262266229,-2.4505564545136993,-3.219745432341681,7
5.599852492939027,-0.5510559568489205,9.646451479455722,6
-2.0724298795897074,-8.422526037267417,3.4653330594985845,9
-0.6019214723666412,8.176490007928457,-3.136676427415835,2
5.413376223306356,0.1303800579035419,-5.363808251314318,3
4.260239084163707,1.3065323516848815,-6.533644185404904,3
-7.001530192653183,-5.118441745969342,-0.8388093670464677,7
-6.3708101471771075,-6.3970841966854515,-0.24886959569416484,7
10.832883674990956,0.5814423956394745,1.9479634452179326,0
7.222369098575292,-0.7557878973594103,9.148692386407731,0
-5.406963961472172,-3.311065661003064,-0.26752019361409785,7
4.700830839217053,-0.06669736042817909,-6.627431898772867,5
0.33000276017839764,9.836353673370262,-3.873395400321024,2
-1.1909518199307998,-6.165669557219708,1.3179022894718693,9
4.413517415220224,0.3409256197676358,-5.662590293278495,8
-6.264654169430024,-3.1075136620028005,-0.7646057342645178,7
-2.664984647612331,-8.248058562327012,3.0533403102296113,4
-5.01863055230251,-7.793440209408455,1.866928075570776,4
-0.9317218668575343,8.841732841381448,-3.819140394079658,2
6.440751331146317,-0.2619022737169806,8.738893597408882,6
5.675759018508311,0.5642106413126291,6.98975498784165,6
-4.7310261900082216,6.927808090230028,0.35169528991278987,1
-2.1579545024324274,-7.602203585920197,2.4946383646138734,9
5.528190023321565,-0.44728713712065543,8.663024698262182,6
0.49705627669352237,-0.05701428568933564,-4.042764149638063,8
-1.6324612626120145,10.837850651693696,-2.1192150173899647,2
-3.90899031986605,-6.2464208234842875,3.6379773864272047,9
11.981376795547686,0.6476768203764341,2.3596414290567367,0
1.5979445672530104,0.19607305614906043,-5.104673760688437,8
4.132874210523566,1.417459186957382,-7.237198237226345,3
-5.763517232441322,7.350099499850796,5.171306693524236,1
-4.406237219860139,7.125285880991864,2.9003753115665725,1
3.8443092199903335,-0.4567204713987567,6.56991255246209,6
4.739945472156376,2.8404342680719292,-5.897955780426988,3
3.752521828174323,-0.22510539482035163,-4.564890194776371,5
-4.752347905243591,7.508086508192243,3.8909141853044775,1
-5.306683365229469,6.959062487111302,5.528857446511832,1
-4.715461467687512,8.002396189601477,3.1672456188541314,1
5.169758105900168,2.2784359139382,-6.272339758022866,3
-4.294588881061366,7.145658604887642,1.2368528009127264,1
-1.3039906038655191,7.8095280437557335,-3.502659941088672,2
4.861013495775046,0.9017630497590183,-6.453148462812796,3
11.405444260090164,0.834002217310839,2.155288534231507,0
-0.2434503740232814,7.528844303715308,-3.3847545019306495,2
9.839001403578154,0.9886472075619495,1.6791079173253158,0
-4.718705601796735,8.759679825538981,3.8565051473472662,1
3.802555193426615,0.5353905089080746,-5.310239525623553,3
3.041494342476741,0.027853322497284116,-4.6457112752354,5
4.439903585991705,1.1755821858483495,-5.677768999680152,5
-6.431608784708242,-2.6390558532585326,-2.241302505818121,7
-5.336264744207833,-1.2711521070863772,-0.44429400168210176,4
-5.927050978697018,-3.807604983377723,-0.6173310452204692,8
-4.569535277431805,-6.803402690799911,0.8939140234443441,9
5.237151639113676,0.9118269811436599,7.086228282274335,6
-2.711165748204482,-8.239092542809837,3.4608662402374133,9
5.547873252051379,-0.7639804970544747,8.820179194759042,6
-4.654944220500427,-5.81635376467804,1.3125241867079587,8
3.3882695942249264,0.7227456640069722,-5.6103072195397825,3
5.663949238616686,-0.5709243801363344,9.032387753423153,6
5.64775856718644,0.48751994575231555,7.972026907530642,6
-2.2603135885446424,1.5690165306679245,-1.2612414031558186,8
3.740458933190218,0.19643321814268505,-4.80840585933155,5
-4.537987105838225,8.246303788909955,4.274576482863066,1
-4.184340152542678,-8.859685819315663,4.405501082240575,4
-0.8532872636530511,9.154794118847963,-4.286133407670151,2
-2.6547745873838218,-7.092900137702364,2.7366509475811096,4
-6.100012528065381,-2.4896654873288355,-0.42914038131198773,4
3.3005824900282557,0.8336673655072543,-6.198077724875743,5
-4.4710791112787955,7.367014227380385,4.226588481168645,1
-4.359063802608833,6.25213199689616,0.16915123918569352,1
-4.128172672224931,-7.511157368439557,0.8073671680842558,9
12.200877730766218,0.4954903671970121,1.9598554357800124,0
-0.8320922196455122,9.444812010504545,-2.664979479869447,2
-5.123286869560662,-7.829586801968501,1.8306529079725642,4
-3.297325878919219,-7.637115161162679,2.5219080185023532,9
3.869709214919909,0.0363853127139821,-5.168855927140905,5
-6.757138504313041,-4.8414432225193265,-0.3758550967792945,7
-6.05272254477701,6.686788920524843,3.946485047561942,1
-0.1746684955203403,0.9345714621912689,-4.234479731824393,8
4.271673526379393,0.9271994958810867,-5.957476707838465,8
2.7515230477635066,0.9136077166014565,-3.6790347778431274,5
5.528950531158963,-0.555823937832677,8.835958679660376,6
-6.987816912096051,-5.5057773220100845,1.3476229353279179,9
2.0922430031693433,1.0924839107552815,-4.673716477575147,8
-3.35149646292104,-8.60109533050805,3.826212800679957,7
-5.325960280813303,7.67267478583789,3.4108034307278183,1
-4.122585712784065,6.257234266644471,-0.15986443735842415,1
5.626205343693598,2.3645216709097094,5.632520820865671,6
-7.034278752844792,-4.873641842877317,0.0533344736087219,7
4.966557173566944,0.44457714517393354,7.3866717418526004,6
5.004439898279536,1.2591332928971641,-6.242692458930291,3
-0.33958219690386277,8.74356398239568,-1.7725419620103993,2
-0.7658708713998754,7.5727475003213955,-3.944839661621827,2
12.393673879500456,0.5111081082082491,1.5756380598538522,0
1.6891383354066707,0.5381730093361996,-5.12515321134387,8
-4.211014924087993,-5.474014755224234,1.1124463272630432,9
0.16452610656924094,9.010144415151103,-3.3838916321775097,2
4.506605652050756,0.9302766356111098,-5.746295087292696,5
-4.999007781491258,7.346563970185163,3.263720450692042,1
11.879603039057235,-0.4194712485859591,1.3054246115754655,0
1.4492101157687787,0.039212665632975985,-4.978289747947481,8
-4.711623902701186,6.905943545283438,0.8162234207078369,1
-4.560546280657693,-7.547069252714265,2.8951012495092954,9
2.5327532021018957,0.1865361995924954,-4.555617876537817,5
-6.325427218819114,-4.102497444898505,-0.15184052927974678,7
-5.0386002811727995,-5.627645364366012,2.0427426193456624,9
5.9738513684642935,-0.11637285199782998,8.474997817932934,6
-4.728542238393092,-6.396221769837784,1.7187017368078195,9
11.243118079207402,2.3169379271017805,2.4144355413710064,0
5.637089776286777,1.216332671447299,7.356319908654328,6
-5.330061383625858,7.307051401500477,3.1214185487953023,1
4.08578102745363,0.1947112863861092,-4.9285722550475,5
-2.0137049018607835,2.02709431868954,0.8659734420309635,5
-0.7627764101753963,1.2318058918311166,-2.22552349609224,8
4.054390632346508,1.9649228656954976,-6.586579738359134,3
-0.013014680159832648,0.3323337793788691,-3.9262127443609387,8
-1.1061300000483723,9.19045177977404,-3.211286603321232,2
4.663881793885781,2.1801670214701767,7.411439904878402,6
2.532323999995625,-0.004958292791158586,-4.372942226393735,5
10.814355084842814,1.9455343665338751,1.6762623604079958,0
-7.005107559886046,-5.9421169783335905,0.6498022838280193,7
-4.105320829088233,-6.9568313598221625,0.9514592269185653,4
6.345915562942362,-0.11395215339394438,8.252467990589748,6
-5.802395621556117,7.173037063466605,2.1181713105408573,1
5.106107786488389,1.8577797842025412,-5.862144703842189,3
-2.298820584632617,-8.17057917271829,3.0895738558363357,4
-6.5381878447046615,-4.161419834423737,-1.5706820071890257,7
4.545264240501299,0.3931409961342134,-6.525417742054984,3
-0.6170965539476414,8.24180045166587,-3.2760291200737957,2
3.269138896656619,0.6506390252159017,-5.402330969915235,3
-4.189318293681474,-6.208017289757693,1.8577609353935847,4
0.24298828682116996,9.444450806509092,-3.6127535419423853,2
4.252280969532478,0.2800704233013307,-5.421100879148819,5
0.09938915011132732,9.328624364663549,-3.017585946604995,2
-6.572454652658367,-4.522532350670373,-0.3977172117834246,7
-5.0163641859698895,6.883698331531295,6.657913085434119,1
-6.713943037216864,-3.9096876223171213,-0.021155733602935545,7
-0.10910403563159711,9.034900589371125,-2.708808512848556,2
5.577594491870169,1.3944916608670304,6.680677400803901,6
5.492354365942108,-0.7075629773539588,8.921072522233317,4
-5.753752413929411,7.429607886158977,5.560777094211554,1
-2.6237928863907123,1.2298422695333957,1.6946216259582543,5
-6.238629990166055,-2.406956353041966,-0.3968026337846429,7
0.21747352393444763,0.3809327987090926,-3.9385350200662503,8
5.543448090585768,1.770073548922842,8.154700849056066,6
12.112139841855475,0.7370838100951932,2.0051126282286242,0
-4.572732478216299,7.132655849363156,1.3598074905407092,1
-0.8457781917145033,1.0212424996850882,-3.5672252816395247,8
-0.5099121392162222,8.448900377360197,-3.696303370204664,2
-2.1199256801587496,0.7780162930268206,1.75820477156645,5
-6.969067911860295,-3.3400240378619106,-0.5267895469978678,7
-7.118022394842849,-4.907939118959407,-0.6879338821672737,7
5.540340312053785,1.0986514456208543,8.441390625844646,6
-0.39433990281912445,0.35278386268185624,-4.077994430016028,9
3.211165964291298,1.0024566866944435,-6.8440095820331,3
3.356461480323345,-0.16042395976876478,-5.681575959180278,5
1.3601217297561785,0.3027735975864817,-4.419918631303167,8
-4.334518392600685,-7.387861975470545,2.695004929902817,4
0.5583983007512141,9.642290314409653,-3.710187549168533,2
-3.0984965586304436,-9.193588111153765,3.0259435237554477,4
10.23642643657844,1.1211672805560102,1.7087704437779603,0
0.10210615488097985,0.2009644569504283,-3.9407285892488026,8
-0.47189565740212736,1.0197270400010816,-3.2952468597653217,8
3.856351244852359,1.0439000442963255,-5.835271243488297,3
-3.588992340177684,-8.285007303695753,3.195130926053629,4
-2.3480025621651537,-6.304647928917521,4.842273418938316,9
-0.6023228682382137,8.854230914846855,-3.048415985962933,2
-7.535824100602035,-4.036857797529395,-1.6600978619876665,7
3.401955117607616,0.19497091715752682,-4.916855917013317,5
-4.738082948297807,-4.648029328430491,0.7598756453872578,8
5.369488364813264,0.11881018398830101,7.946873488288763,6
4.211297295550183,0.9285419008813814,-5.732316401204456,5
5.942297391263768,0.01687490197241126,8.058397122732199,6
11.754335684302704,0.7434802666960132,1.9380974643217506,0
4.54961874786827,0.018535289753642492,-5.537910819426443,8
5.687826348720148,1.4276240717793751,10.894594265046189,6
-6.916427993603906,-3.716934690982902,-0.8307477191986956,7
3.8704036626376483,1.1519245952289965,-5.6425596059985414,3
5.967035373054894,-1.4091997106680478,8.988123115849081,6
-3.8470123033820487,-9.683054088717363,2.868475961412445,4
-4.384770553057365,-7.934233079992639,2.284614746430928,9
-4.309477609601241,-7.208103011925253,2.425583242827419,4
-4.565177164106924,-5.763866888284335,1.3532222973521766,6
5.084322454514169,1.9373772461096008,6.288272551098467,6
5.004106522137627,0.2673379220299925,-5.219030490542785,3
11.872617156575158,0.9443685189883624,1.8076777586254364,2
-5.3454191515318215,-7.133703850318559,2.1090484049518476,4
-4.677402538294109,7.053319229664661,5.255507537949518,1
11.86800617184719,0.6669988351309795,1.802993331278959,0
-4.7115446913331755,7.684154102851519,4.992575002869673,1
-4.427356369032349,-7.339346818193995,2.307035453678818,4
5.304718870284604,0.915451255322796,7.527286012654812,6
-0.30112998619758513,9.624388284934069,-3.2824439992545145,2
-6.121374502263518,-2.7086353545944863,0.058660272702730276,9
-5.131272876134285,4.977335519142972,-0.7510602700508511,1
-4.862027861124106,7.531066755866022,4.863025874988999,1
12.801487435230689,1.6408022279054977,2.020615777025294,0
5.537481930758921,-0.8732919382896613,8.85486212337746,6
4.02293455617619,0.3494185650712768,-5.993400781190151,3
-4.05892978217582,-6.592403579107641,2.788254707228574,9
